-3.05774
-2.54658
-2.59373
-2.60389
-2.71362
-2.72062
-2.7493
-2.76853
-2.77968
-2.77994
-2.77498
-2.76516
-2.75176
-2.73574
-2.7176
-2.69781
-2.67629
-2.6536
-2.63053
-2.60823
-2.588
-2.57035
-2.55585
-2.54332
-2.53172
-2.5195
-2.50482
-2.48657
-2.46404
-2.43621
-2.40262
-2.36336
-2.31911
-2.27125
-2.22185
-2.17374
-2.13005
-2.09316
-2.06448
-2.04275
-2.024
-2.00318
-1.97555
-1.93769
-1.88799
-1.82866
-1.7645
-1.70251
-1.65148
-1.61936
-1.61216
-1.634
-1.6865
-1.76955
-1.88091
-2.01679
-2.17246
-2.34241
-2.52161
-2.70486
-2.88774
-3.06617
-3.23703
-3.39805
-3.54746
-3.68452
-3.8088
-3.92376
-4.0309
-4.13343
-4.23384
-4.33428
-4.43601
-4.54037
-4.64846
-4.76202
-4.88166
-5.01309
-5.15949
-5.32319
-5.50358
-5.69767
-5.89978
-6.10116
-6.29198
-6.46227
-6.60115
-6.70117
-6.75716
-6.76595
-6.72745
-6.64343
-6.51742
-6.35333
-6.1547
-5.92394
-5.66202
-5.37016
-5.05036
-4.70888
-4.35642
-4.00877
-3.68498
-3.40478
-3.18445
-3.03397
-2.95445
-2.93972
-2.97671
-3.04997
-3.14338
-3.24199
-3.33187
-3.39999
-3.43165
-3.41287
-3.32892
-3.16774
-2.9206
-2.5828
-2.15487
-1.64036
-1.04507
-0.378035
0.351153
1.12884
1.93618
2.74756
3.5314
4.25199
4.87435
5.36751
5.71122
5.89612
5.92626
5.81909
5.60186
5.30759
4.97098
4.62493
4.29462
3.99583
3.73237
3.49555
3.26574
3.01619
2.71995
2.35404
1.90711
1.38331
0.806161
0.213076
-0.348268
-0.827905
-1.18476
-1.39281
-1.44349
-1.34738
-1.12991
-0.828673
-0.480868
-0.120768
0.223279
0.534714
0.804575
1.02898
1.20618
1.33547
1.41641
1.44859
1.43569
1.38896
1.32515
1.26552
1.23308
1.24765
1.32304
1.46348
1.66489
1.91491
2.19676
2.49158
2.78464
3.06535
3.32997
3.57912
3.81736
4.04955
4.27949
4.50815
4.73396
4.95218
5.15775
5.34329
5.50339
5.63344
5.73025
5.79403
5.82577
5.82957
5.81169
5.7792
5.7407
5.70066
5.65981
5.61233
5.54624
5.44671
5.29561
5.07698
4.781
4.40435
3.95353
3.43948
2.87743
2.28162
1.66459
1.03599
0.402616
-0.230245
-0.856198
-1.46783
-2.05633
-2.61378
-3.13418
-3.61781
-4.0711
-4.50558
-4.93565
-5.37407
-5.82634
-6.28953
-6.74993
-7.18602
-7.57065
-7.87663
-8.08257
-8.17507
-8.1511
-8.01774
-7.78792
-7.4778
-7.1025
-6.67359
-6.19817
-5.6786
-5.11646
-4.51192
-3.86419
-3.17096
-2.42898
-1.63079
-0.768699
0.164533
1.17274
2.25697
3.40497
4.59802
5.80867
7.00691
8.16086
9.24968
10.2634
11.205
12.0911
12.954
13.8224
14.7251
15.6799
16.6972
17.7786
18.9252
20.1441
21.4534
22.8829
24.4824
26.3014
28.3928
30.7785
33.4453
36.3297
39.3289
42.3064
45.1226
47.643
49.7408
51.3034
52.2296
52.4303
51.8482
50.4776
48.3812
45.6895
42.5903
39.2983
36.0025
32.8598
29.9743
27.3973
25.1401
23.1845
21.4972
20.0359
18.7645
17.6543
16.6795
15.8217
15.0651
14.3951
13.8008
13.2701
12.7955
12.3664
11.9748
11.6154
11.2832
10.9761
10.6929
10.4325
10.1935
9.97395
9.77167
9.58493
9.41093
9.25054
9.10508
8.97555
8.85958
8.74866
8.62779
8.46522
8.24668
7.95627
7.58742
7.14249
6.63123
6.06717
5.46471
4.83805
4.20613
3.57223
2.95088
2.35477
1.79433
1.27409
0.800277
0.373163
-0.0105951
-0.357441
-0.67662
-0.984032
-1.2915
-1.60669
-1.92969
-2.25783
-2.5808
-2.88616
-3.16295
-3.40387
-3.60444
-3.77105
-3.91484
-4.04993
-4.1899
-4.34486
-4.5215
-4.72019
-4.937
-5.16455
-5.39419
-5.61748
-5.82782
-6.02029
-6.19288
-6.34567
-6.4811
-6.60288
-6.71641
-6.8271
-6.94072
-7.06064
-7.1874
-7.31871
-7.44801
-7.56623
-7.6635
-7.73059
-7.76122
-7.75263
-7.70586
-7.62412
-7.511
-7.36901
-7.19704
-6.99045
-6.74103
-6.43914
-6.07635
-5.64802
-5.15657
-4.61195
-4.03203
-3.44116
-2.86633
-2.33306
-1.86182
-1.46583
-1.15061
-0.916238
-0.762087
-0.687973
-0.698647
-0.802722
-1.01078
-1.3284
-1.75432
-2.27592
-2.86976
-3.50602
-4.15337
-4.78457
-5.38222
-5.94063
-6.46663
-6.97474
-7.48366
-8.01066
-8.56686
-9.15442
-9.76576
-10.3852
-10.9907
-11.5575
-12.0618
-12.4841
-12.8133
-13.0498
-13.206
-13.3055
-13.3766
-13.4482
-13.5423
-13.6705
-13.8342
-14.0253
-14.2303
-14.4343
-14.6243
-14.7905
-14.9269
-15.0301
-15.0995
-15.1347
-15.1361
-15.1034
-15.0352
-14.9283
-14.7771
-14.5756
-14.3162
-13.9936
-13.6079
-13.1648
-12.6773
-12.1629
-11.64
-11.1229
-10.6185
-10.1253
-9.6336
-9.12904
-8.59768
-8.03338
-7.43834
-6.8271
-6.22005
-5.63991
-5.10545
-4.62605
-4.20002
-3.81247
-3.44019
-3.05791
-2.6445
-2.19487
-1.71833
-1.24118
-0.803801
-0.451822
-0.234272
-0.191135
-0.353747
-0.749235
-1.40368
-2.37211
-3.77499
-5.89447
-9.44456
-16.6175
-37.2042
-105.786
-147.305
-158.801
-163.615
-166.227
-167.913
-169.164
-170.209
-171.159
-172.059
-172.918
-173.721
-174.442
-175.059
-175.559
-175.944
-176.233
-176.455
-176.644
-176.833
-177.046
-177.298
-177.596
-177.936
-178.311
-178.712
-179.131
-179.563
-180.006
-180.459
-180.918
-181.378
-181.828
-182.255
-182.64
-182.964
-183.21
-183.366
-183.432
-183.415
-183.336
-183.221
-183.096
-182.988
-182.911
-182.873
-182.868
-182.885
-182.907
-182.917
-182.905
-182.865
-182.794
-182.697
-182.578
-182.446
-182.303
-182.15
-181.988
-181.812
-181.616
-181.393
-181.135
-180.83
-180.471
-180.055
-179.58
-179.05
-178.474
-177.865
-177.236
-176.601
-175.966
-175.332
-174.694
-174.041
-173.35
-172.594
-171.741
-170.753
-169.597
-168.243
-166.663
-164.82
-162.652
-160.029
-156.697
-152.163
-145.428
-134.413
-115.24
-85.737
-56.9893
-38.9495
-28.8525
-22.9533
-19.286
-16.8807
-15.2299
-14.0477
-13.1586
-12.4484
-11.8436
-11.2948
-10.7705
-10.2536
-9.73816
-9.2244
-8.71549
-8.21749
-7.73763
-7.27898
-6.8464
-6.44438
-6.07924
-5.75799
-5.48836
-5.27673
-5.12555
-5.0328
-4.99099
-4.98721
-5.00494
-5.02676
-5.03714
-5.0245
-4.98111
-4.90346
-4.79122
-4.64513
-4.46741
-4.26037
-4.02747
-3.77424
-3.50709
-3.23502
-2.96749
-2.71459
-2.48447
-2.28238
-2.11011
-1.96505
-1.84019
-1.72447
-1.60357
-1.46274
-1.28675
-1.06276
-0.782839
-0.445163
-0.0563932
0.36883
0.809327
1.24068
1.64128
1.99163
2.28142
2.50717
2.67195
2.78245
2.84561
2.86626
2.84529
2.78022
2.66835
2.50712
2.29807
2.04834
1.77126
1.48181
1.19735
0.93338
0.700759
0.504749
0.346167
0.221502
0.125265
0.053239
0.00478013
-0.0188455
-0.0122615
0.0320127
0.120972
0.258526
0.444516
0.673686
0.937036
1.22313
1.51872
1.81003
2.08206
2.32001
2.50894
2.6351
2.68869
2.66648
2.57493
2.43186
2.26358
2.10726
2.00219
1.98645
2.09591
2.36026
2.80889
3.47588
4.4182
5.73416
7.62167
10.505
15.4915
26.2955
60.8466
131.091
157.04
166.089
170.706
173.633
175.747
177.403
178.773
179.951
180.993
181.938
182.813
183.637
184.418
185.16
185.861
186.517
187.124
187.678
188.174
188.612
188.991
189.311
189.573
189.773
189.91
189.976
189.967
189.885
189.735
189.534
189.306
189.078
188.877
188.723
188.626
188.58
188.568
188.57
188.567
188.554
188.539
188.545
188.602
188.74
188.978
189.323
189.767
190.295
190.89
191.542
192.255
193.049
193.959
195.041
196.372
198.065
200.297
203.385
207.945
215.287
228.426
253.362
289.602
317.137
331.719
339.586
344.247
347.239
349.28
350.736
351.818
352.651
353.317
353.868
354.344
354.767
355.15
355.498
355.811
356.086
356.319
356.505
356.641
356.724
356.753
356.728
356.655
356.542
356.398
356.232
356.051
355.858
355.653
355.436
355.204
354.954
354.687
354.403
354.109
353.81
353.518
353.241
352.989
352.768
352.58
352.424
352.293
352.183
352.088
352.007
351.943
351.907
351.909
351.962
352.075
352.252
352.491
352.786
353.124
353.495
353.889
354.296
354.711
355.13
355.552
355.975
356.399
356.824
357.249
357.673
358.092
358.5
358.89
359.25
359.57
359.835
360.037
360.166
360.221
360.203
360.119
359.981
359.804
359.603
359.397
359.203
359.04
358.929
358.89
358.942
359.099
359.369
359.745
360.213
360.744
361.303
361.85
362.343
362.742
363.012
363.126
363.067
362.834
362.441
361.916
361.298
360.633
359.969
359.35
358.814
358.391
358.099
357.941
357.905
357.967
358.093
358.247
358.395
358.518
358.609
358.677
358.741
358.828
358.961
359.154
359.41
359.721
360.066
360.419
360.755
361.05
361.292
361.474
361.599
361.674
361.712
361.729
361.74
361.759
361.801
361.875
361.991
362.151
362.356
362.605
362.894
363.22
363.577
363.959
364.357
364.759
365.145
365.494
365.783
365.992
366.106
366.125
366.056
365.92
365.742
365.549
365.367
365.214
365.102
365.034
365.006
365.006
365.021
365.034
365.031
364.999
364.935
364.839
364.719
364.588
364.458
364.34
364.242
364.17
364.123
364.1
364.098
364.115
364.145
364.185
364.229
364.269
364.3
364.316
364.315
364.3
364.277
364.253
364.235
364.229
364.235
364.251
364.271
364.29
364.301
364.303
364.295
364.278
364.257
364.234
364.211
364.191
364.172
364.155
364.139
364.124
364.111
364.099
364.088
364.079
364.068
364.056
364.038
364.015
363.986
363.953
363.917
363.881
363.849
363.821
363.8
363.783
363.77
363.759
363.748
363.736
363.723
363.71
363.698
363.686
363.676
363.666
363.657
363.647
363.636
363.624
363.61
363.596
363.582
363.569
363.556
363.544
363.533
363.522
363.512
363.504
363.498
363.496
363.496
363.5
363.506
363.513
363.52
363.524
363.527
363.527
363.526
363.524
363.524
363.525
363.528
363.534
363.54
363.547
363.552
363.553
363.551
363.543
363.531
363.516
363.498
363.478
363.459
363.442
363.426
363.412
363.4
363.39
363.379
363.369
363.358
363.346
363.334
363.322
363.311
363.3
363.289
363.279
363.27
363.262
363.255
363.25
363.246
363.244
363.243
363.243
363.243
363.242
363.241
363.239
363.234
363.228
363.235
363.217
363.179
363.197
363.177
