-3.05774
-3.03466
-3.01157
-2.98846
-2.96534
-2.94221
-2.91906
-2.8959
-2.87273
-2.84955
-2.82635
-2.80315
-2.77992
-2.75669
-2.73344
-2.71018
-2.68691
-2.66362
-2.64032
-2.61701
-2.59369
-2.57035
-2.54213
-2.51389
-2.48565
-2.45739
-2.42913
-2.40086
-2.37257
-2.34428
-2.31597
-2.28766
-2.25934
-2.231
-2.20266
-2.17431
-2.14594
-2.11757
-2.08918
-2.06079
-2.03239
-2.00397
-1.97555
-2.04451
-2.11333
-2.18203
-2.2506
-2.31903
-2.38735
-2.45554
-2.5236
-2.59155
-2.65937
-2.72708
-2.79468
-2.86215
-2.92952
-2.99677
-3.06392
-3.13095
-3.19788
-3.26471
-3.33143
-3.39805
-3.53516
-3.67234
-3.80958
-3.94689
-4.08427
-4.22172
-4.35924
-4.49682
-4.63448
-4.7722
-4.91
-5.04786
-5.1858
-5.32382
-5.4619
-5.60006
-5.73829
-5.8766
-6.01499
-6.15344
-6.29198
-6.11162
-5.93379
-5.75847
-5.58567
-5.41539
-5.24763
-5.08239
-4.91967
-4.75946
-4.60177
-4.4466
-4.29396
-4.14383
-3.99623
-3.85116
-3.70862
-3.56861
-3.43113
-3.2962
-3.16381
-3.03397
-2.81653
-2.59706
-2.37558
-2.1521
-1.92664
-1.69921
-1.46983
-1.23853
-1.00531
-0.77019
-0.533194
-0.294336
-0.0536342
0.188894
0.43323
0.679355
0.927252
1.1769
1.42829
1.68139
1.93618
1.93174
1.92963
1.92986
1.93245
1.93741
1.94474
1.95447
1.96662
1.9812
1.99822
2.01772
2.03971
2.06421
2.09126
2.12086
2.15307
2.18789
2.22537
2.26553
2.30841
2.35404
2.2738
2.19693
2.12343
2.05335
1.9867
1.92352
1.86383
1.80767
1.75507
1.70608
1.66071
1.61902
1.58104
1.54682
1.51639
1.48982
1.46714
1.4484
1.43367
1.42298
1.41641
1.60486
1.78779
1.96547
2.13819
2.30619
2.4697
2.62895
2.78414
2.93547
3.08312
3.22727
3.36807
3.5057
3.64028
3.77197
3.90089
4.02716
4.15092
4.27226
4.39131
4.50815
4.52522
4.54187
4.5581
4.57391
4.58931
4.6043
4.61888
4.63305
4.64681
4.66018
4.67314
4.6857
4.69787
4.70963
4.72101
4.73198
4.74257
4.75276
4.76256
4.77198
4.781
4.23929
3.69992
3.16276
2.62767
2.09451
1.56313
1.03341
0.505191
-0.0216597
-0.547284
-1.07182
-1.59542
-2.11823
-2.64037
-3.16201
-3.68329
-4.20436
-4.72537
-5.24646
-5.7678
-6.28953
-6.03687
-5.78597
-5.53646
-5.28797
-5.04012
-4.79254
-4.54481
-4.29653
-4.04727
-3.79656
-3.54392
-3.28882
-3.03071
-2.76897
-2.50294
-2.23187
-1.95495
-1.67128
-1.37981
-1.07939
-0.768699
-0.146275
0.496309
1.16098
1.84988
2.5654
3.31019
4.08724
4.89991
5.75198
6.64773
7.59201
8.59037
9.64914
10.7756
11.978
13.2662
14.6511
16.1459
17.7657
19.528
21.4534
22.1452
22.8493
23.5662
24.2964
25.0403
25.7985
26.5714
27.3598
28.164
28.9848
29.8228
30.6786
31.5528
32.4462
33.3595
34.2933
35.2485
36.2258
37.226
38.2499
39.2983
36.0897
33.315
30.8952
28.7675
26.8813
25.1965
23.6806
22.3075
21.0559
19.9082
18.85
17.8693
16.9561
16.1019
15.2995
14.5428
13.8264
13.146
12.4976
11.8776
11.2832
11.0031
10.728
10.4576
10.1915
9.9293
9.67075
9.41554
9.16341
8.9141
8.66737
8.423
8.18077
7.94048
7.70195
7.46499
7.22943
6.99511
6.76187
6.52957
6.29804
6.06717
5.51442
4.97952
4.46109
3.95788
3.4687
2.99246
2.52816
2.07484
1.63161
1.19766
0.772188
0.354465
-0.0562134
-0.460516
-0.859081
-1.25252
-1.64143
-2.02637
-2.40791
-2.78659
-3.16295
-3.31877
-3.47593
-3.63449
-3.79453
-3.95613
-4.11936
-4.28432
-4.45108
-4.61973
-4.79037
-4.96307
-5.13795
-5.3151
-5.49462
-5.67661
-5.8612
-6.04848
-6.23859
-6.43164
-6.62777
-6.8271
-6.77368
-6.71796
-6.6599
-6.59945
-6.53658
-6.47123
-6.40336
-6.33293
-6.25987
-6.18413
-6.10567
-6.02441
-5.94031
-5.85329
-5.76329
-5.67023
-5.57406
-5.47469
-5.37204
-5.26603
-5.15657
-5.13905
-5.12151
-5.10396
-5.08638
-5.06878
-5.05116
-5.03353
-5.01587
-4.99819
-4.98049
-4.96278
-4.94504
-4.92729
-4.90952
-4.89172
-4.87391
-4.85608
-4.83823
-4.82036
-4.80248
-4.78457
-5.32049
-5.83508
-6.33047
-6.80858
-7.27114
-7.71973
-8.15577
-8.58059
-8.99539
-9.4013
-9.79936
-10.1905
-10.5758
-10.956
-11.3319
-11.7044
-12.0743
-12.4422
-12.8091
-13.1755
-13.5423
-13.5031
-13.4661
-13.4311
-13.3981
-13.3671
-13.3381
-13.3111
-13.286
-13.263
-13.2419
-13.2228
-13.2059
-13.1911
-13.1786
-13.1684
-13.1606
-13.1555
-13.1531
-13.1537
-13.1575
-13.1648
-12.8206
-12.4703
-12.1129
-11.7477
-11.3738
-10.9901
-10.5954
-10.1884
-9.7677
-9.33151
-8.87793
-8.40474
-7.90937
-7.38883
-6.83962
-6.25762
-5.63792
-4.97465
-4.26075
-3.48757
-2.6445
-2.73836
-2.85995
-3.01527
-3.21226
-3.4616
-3.77802
-4.18236
-4.70517
-5.393
-6.32036
-7.61425
-9.50947
-12.4906
-17.7255
-28.7355
-58.7199
-117.291
-147.086
-158.039
-163.255
-166.227
-169.04
-170.999
-172.435
-173.53
-174.39
-175.082
-175.65
-176.122
-176.522
-176.862
-177.156
-177.41
-177.633
-177.829
-178.002
-178.156
-178.293
-178.415
-178.525
-178.623
-178.712
-178.988
-179.254
-179.511
-179.758
-179.997
179.773
179.552
179.337
179.131
178.931
178.738
178.552
178.372
178.198
178.03
177.867
177.71
177.558
177.411
177.269
-182.868
177.185
177.247
177.316
177.394
177.481
177.578
177.686
177.804
177.935
178.08
178.238
178.411
178.602
178.81
179.038
179.288
179.562
179.862
-179.809
-179.447
-179.05
-178.72
-178.364
-177.979
-177.559
-177.102
-176.599
-176.045
-175.43
-174.743
-173.969
-173.092
-172.089
-170.929
-169.573
-167.967
-166.035
-163.672
-160.724
-156.961
-152.036
-145.428
-125.355
-90.8595
-57.5983
-38.8446
-28.9394
-23.1641
-19.4621
-16.9139
-15.0651
-13.6696
-12.5837
-11.7182
-11.0151
-10.4349
-9.95006
-9.54067
-9.19201
-8.893
-8.63511
-8.41169
-8.21749
-7.81315
-7.44438
-7.10793
-6.80095
-6.52093
-6.26568
-6.03323
-5.82185
-5.62998
-5.45627
-5.29946
-5.15847
-5.03231
-4.9201
-4.82103
-4.73439
-4.65955
-4.59592
-4.54299
-4.5003
-4.46741
-4.14416
-3.83232
-3.53149
-3.24125
-2.96121
-2.69103
-2.43036
-2.17889
-1.93631
-1.70233
-1.47671
-1.25918
-1.0495
-0.847463
-0.652855
-0.465482
-0.285161
-0.111723
0.0549917
0.21513
0.36883
0.378675
0.389066
0.400008
0.411505
0.423563
0.436188
0.449388
0.46317
0.477544
0.49252
0.508108
0.524319
0.541168
0.558667
0.576831
0.595676
0.61522
0.635479
0.656475
0.678227
0.700759
0.726673
0.757118
0.792261
0.832291
0.877423
0.927902
0.984003
1.04604
1.11436
1.18935
1.27147
1.36121
1.45914
1.56588
1.68218
1.80883
1.94677
2.09706
2.26091
2.43972
2.6351
2.74522
2.86449
2.99462
3.13775
3.29657
3.47456
3.67628
3.9078
4.17747
4.49698
4.88332
5.36211
5.97394
6.78704
7.92558
9.64139
12.5318
18.4147
35.9302
111.673
157.04
171.225
176.447
179.188
-179.085
-177.866
-176.938
-176.192
-175.566
-175.023
-174.54
-174.102
-173.696
-173.316
-172.955
-172.609
-172.275
-171.949
-171.629
-171.313
-171.001
189.311
-170.741
-170.789
-170.835
-170.877
-170.918
-170.956
-170.993
-171.028
-171.061
-171.093
-171.124
-171.154
-171.183
-171.212
-171.24
-171.267
-171.294
-171.32
-171.346
-171.372
188.602
-171.106
-170.789
-170.444
-170.065
-169.644
-169.172
-168.637
-168.021
-167.304
-166.454
-165.426
-164.153
-162.531
-160.389
-157.425
-153.063
-146.093
-133.711
-109.877
-72.7797
317.137
-31.1076
-23.9708
-19.3087
-16.0615
-13.6822
-11.8683
-10.441
-9.28921
-8.34006
-7.5442
-6.86698
-6.28342
-5.77504
-5.32792
-4.93136
-4.57701
-4.25826
-3.96981
-3.70736
-3.46739
356.753
-3.45919
-3.66873
-3.876
-4.08137
-4.28518
-4.48776
-4.68942
-4.89047
-5.0912
-5.29189
-5.49282
-5.69426
-5.8965
-6.0998
-6.30444
-6.51068
-6.71881
-6.92911
-7.14188
-7.3574
352.424
-7.37368
-7.17262
-6.97283
-6.77431
-6.57706
-6.38111
-6.18645
-5.99309
-5.80105
-5.61031
-5.42091
-5.23283
-5.04608
-4.86068
-4.67663
-4.49394
-4.3126
-4.13264
-3.95404
-3.77683
356.399
-3.4024
-3.21181
-3.02918
-2.85443
-2.68752
-2.52839
-2.37701
-2.23336
-2.09741
-1.96914
-1.84856
-1.73567
-1.63049
-1.53302
-1.44332
-1.36141
-1.28736
-1.22121
-1.16305
-1.11295
358.929
-1.06154
-1.05106
-1.03955
-1.027
-1.01342
-0.998801
-0.98313
-0.966403
-0.948616
-0.929761
-0.909833
-0.888825
-0.866731
-0.843542
-0.819253
-0.793857
-0.767346
-0.739712
-0.710949
-0.681047
359.35
-0.569888
-0.491093
-0.413617
-0.337461
-0.262625
-0.18911
-0.116917
-0.0460451
0.0235045
0.091732
0.158637
0.22422
0.28848
0.351419
0.413035
0.47333
0.532304
0.589957
0.646291
0.701305
360.755
0.991629
1.22281
1.44871
1.66948
1.88527
2.09621
2.30245
2.50412
2.70133
2.89421
3.08286
3.26741
3.44794
3.62457
3.79738
3.96648
4.13193
4.29383
4.45226
4.60729
364.759
4.7739
4.78815
4.80173
4.81466
4.82694
4.83857
4.84954
4.85986
4.86953
4.87855
4.88692
4.89464
4.90171
4.90814
4.91392
4.91905
4.92353
4.92737
4.93056
4.9331
364.935
4.90169
4.86847
4.83533
4.80227
4.7693
4.73642
4.70362
4.6709
4.63826
4.60571
4.57324
4.54085
4.50855
4.47632
4.44418
4.41212
4.38013
4.34823
4.31641
4.28466
364.253
4.2455
4.23796
4.23039
4.22278
4.21514
4.20746
4.19975
4.192
4.18421
4.17639
4.16853
4.16064
4.15271
4.14475
4.13675
4.12871
4.12064
4.11253
4.10439
4.09621
364.088
4.06899
4.04996
4.03092
4.01187
3.99281
3.97373
3.95464
3.93554
3.91642
3.89729
3.87815
3.85899
3.83982
3.82064
3.80145
3.78224
3.76302
3.74378
3.72453
3.70527
363.686
3.67743
3.66887
3.6603
3.65173
3.64317
3.6346
3.62603
3.61746
3.60889
3.60032
3.59175
3.58318
3.5746
3.56603
3.55746
3.54888
3.54031
3.53173
3.52315
3.51458
363.506
3.50467
3.50333
3.502
3.50067
3.49933
3.498
3.49666
3.49533
3.494
3.49266
3.49133
3.49
3.48866
3.48733
3.486
3.48466
3.48333
3.482
3.48067
3.47933
363.478
3.46696
3.45591
3.44487
3.43382
3.42277
3.41173
3.40068
3.38964
3.37859
3.36754
3.35649
3.34545
3.3344
3.32335
3.3123
3.30125
3.2902
3.27915
3.2681
3.25705
363.246
363.244
363.243
363.243
363.243
363.242
363.241
363.239
363.234
363.228
363.235
363.217
363.179
363.197
363.177
