200	4.66018	4.66018	5.82957
201	4.67314	4.67314	5.81169
202	4.6857	4.6857	5.7792
203	4.69787	4.69787	5.7407
204	4.70963	4.70963	5.70066
205	4.72101	4.72101	5.65981
206	4.73198	4.73198	5.61233
207	4.74257	4.74257	5.54624
208	4.75276	4.75276	5.44671
209	4.76256	4.76256	5.29561
210	4.77198	4.77198	5.07698
211	4.781	4.781	4.781
212	4.23929	4.23929	4.40435
213	3.69992	3.69992	3.95353
214	3.16276	3.16276	3.43948
215	2.62767	2.62767	2.87743
216	2.09451	2.09451	2.28162
217	1.56313	1.56313	1.66459
218	1.03341	1.03341	1.03599
219	0.505191	0.505191	0.402616
220	-0.0216597	-0.0216597	-0.230245
221	-0.547284	-0.547284	-0.856198
222	-1.07182	-1.07182	-1.46783
223	-1.59542	-1.59542	-2.05633
224	-2.11823	-2.11823	-2.61378
225	-2.64037	-2.64037	-3.13418
226	-3.16201	-3.16201	-3.61781
227	-3.68329	-3.68329	-4.0711
228	-4.20436	-4.20436	-4.50558
229	-4.72537	-4.72537	-4.93565
230	-5.24646	-5.24646	-5.37407
231	-5.7678	-5.7678	-5.82634
232	-6.28953	-6.28953	-6.28953
233	-6.03687	-6.03687	-6.74993
234	-5.78597	-5.78597	-7.18602
235	-5.53646	-5.53646	-7.57065
236	-5.28797	-5.28797	-7.87663
237	-5.04012	-5.04012	-8.08257
238	-4.79254	-4.79254	-8.17507
239	-4.54481	-4.54481	-8.1511
240	-4.29653	-4.29653	-8.01774
241	-4.04727	-4.04727	-7.78792
242	-3.79656	-3.79656	-7.4778
243	-3.54392	-3.54392	-7.1025
244	-3.28882	-3.28882	-6.67359
245	-3.03071	-3.03071	-6.19817
246	-2.76897	-2.76897	-5.6786
247	-2.50294	-2.50294	-5.11646
248	-2.23187	-2.23187	-4.51192
249	-1.95495	-1.95495	-3.86419
250	-1.67128	-1.67128	-3.17096
251	-1.37981	-1.37981	-2.42898
252	-1.07939	-1.07939	-1.63079
253	-0.768699	-0.768699	-0.768699
254	-0.146275	-0.146275	0.164533
255	0.496309	0.496309	1.17274
256	1.16098	1.16098	2.25697
257	1.84988	1.84988	3.40497
258	2.5654	2.5654	4.59802
259	3.31019	3.31019	5.80867
260	4.08724	4.08724	7.00691
261	4.89991	4.89991	8.16086
262	5.75198	5.75198	9.24968
263	6.64773	6.64773	10.2634
264	7.59201	7.59201	11.205
265	8.59037	8.59037	12.0911
266	9.64914	9.64914	12.954
267	10.7756	10.7756	13.8224
268	11.978	11.978	14.7251
269	13.2662	13.2662	15.6799
270	14.6511	14.6511	16.6972
271	16.1459	16.1459	17.7786
272	17.7657	17.7657	18.9252
273	19.528	19.528	20.1441
274	21.4534	21.4534	21.4534
275	22.1452	22.1452	22.8829
276	22.8493	22.8493	24.4824
277	23.5662	23.5662	26.3014
278	24.2964	24.2964	28.3928
279	25.0403	25.0403	30.7785
280	25.7985	25.7985	33.4453
281	26.5714	26.5714	36.3297
282	27.3598	27.3598	39.3289
283	28.164	28.164	42.3064
284	28.9848	28.9848	45.1226
285	29.8228	29.8228	47.643
286	30.6786	30.6786	49.7408
287	31.5528	31.5528	51.3034
288	32.4462	32.4462	52.2296
289	33.3595	33.3595	52.4303
290	34.2933	34.2933	51.8482
291	35.2485	35.2485	50.4776
292	36.2258	36.2258	48.3812
293	37.226	37.226	45.6895
294	38.2499	38.2499	42.5903
295	39.2983	39.2983	39.2983
296	36.0897	36.0897	36.0025
297	33.315	33.315	32.8598
298	30.8952	30.8952	29.9743
299	28.7675	28.7675	27.3973
300	26.8813	26.8813	25.1401
301	25.1965	25.1965	23.1845
302	23.6806	23.6806	21.4972
303	22.3075	22.3075	20.0359
304	21.0559	21.0559	18.7645
305	19.9082	19.9082	17.6543
306	18.85	18.85	16.6795
307	17.8693	17.8693	15.8217
308	16.9561	16.9561	15.0651
309	16.1019	16.1019	14.3951
310	15.2995	15.2995	13.8008
311	14.5428	14.5428	13.2701
312	13.8264	13.8264	12.7955
313	13.146	13.146	12.3664
314	12.4976	12.4976	11.9748
315	11.8776	11.8776	11.6154
316	11.2832	11.2832	11.2832
317	11.0031	11.0031	10.9761
318	10.728	10.728	10.6929
319	10.4576	10.4576	10.4325
320	10.1915	10.1915	10.1935
321	9.9293	9.9293	9.97395
322	9.67075	9.67075	9.77167
323	9.41554	9.41554	9.58493
324	9.16341	9.16341	9.41093
325	8.9141	8.9141	9.25054
326	8.66737	8.66737	9.10508
327	8.423	8.423	8.97555
328	8.18077	8.18077	8.85958
329	7.94048	7.94048	8.74866
330	7.70195	7.70195	8.62779
331	7.46499	7.46499	8.46522
332	7.22943	7.22943	8.24668
333	6.99511	6.99511	7.95627
334	6.76187	6.76187	7.58742
335	6.52957	6.52957	7.14249
336	6.29804	6.29804	6.63123
337	6.06717	6.06717	6.06717
338	5.51442	5.51442	5.46471
339	4.97952	4.97952	4.83805
340	4.46109	4.46109	4.20613
341	3.95788	3.95788	3.57223
342	3.4687	3.4687	2.95088
343	2.99246	2.99246	2.35477
344	2.52816	2.52816	1.79433
345	2.07484	2.07484	1.27409
346	1.63161	1.63161	0.800277
347	1.19766	1.19766	0.373163
348	0.772188	0.772188	-0.0105951
349	0.354465	0.354465	-0.357441
350	-0.0562134	-0.0562134	-0.67662
351	-0.460516	-0.460516	-0.984032
352	-0.859081	-0.859081	-1.2915
353	-1.25252	-1.25252	-1.60669
354	-1.64143	-1.64143	-1.92969
355	-2.02637	-2.02637	-2.25783
356	-2.40791	-2.40791	-2.5808
357	-2.78659	-2.78659	-2.88616
358	-3.16295	-3.16295	-3.16295
359	-3.31877	-3.31877	-3.40387
360	-3.47593	-3.47593	-3.60444
361	-3.63449	-3.63449	-3.77105
362	-3.79453	-3.79453	-3.91484
363	-3.95613	-3.95613	-4.04993
364	-4.11936	-4.11936	-4.1899
365	-4.28432	-4.28432	-4.34486
366	-4.45108	-4.45108	-4.5215
367	-4.61973	-4.61973	-4.72019
368	-4.79037	-4.79037	-4.937
369	-4.96307	-4.96307	-5.16455
370	-5.13795	-5.13795	-5.39419
371	-5.3151	-5.3151	-5.61748
372	-5.49462	-5.49462	-5.82782
373	-5.67661	-5.67661	-6.02029
374	-5.8612	-5.8612	-6.19288
375	-6.04848	-6.04848	-6.34567
376	-6.23859	-6.23859	-6.4811
377	-6.43164	-6.43164	-6.60288
378	-6.62777	-6.62777	-6.71641
379	-6.8271	-6.8271	-6.8271
380	-6.77368	-6.77368	-6.94072
381	-6.71796	-6.71796	-7.06064
382	-6.6599	-6.6599	-7.1874
383	-6.59945	-6.59945	-7.31871
384	-6.53658	-6.53658	-7.44801
385	-6.47123	-6.47123	-7.56623
386	-6.40336	-6.40336	-7.6635
387	-6.33293	-6.33293	-7.73059
388	-6.25987	-6.25987	-7.76122
389	-6.18413	-6.18413	-7.75263
390	-6.10567	-6.10567	-7.70586
391	-6.02441	-6.02441	-7.62412
392	-5.94031	-5.94031	-7.511
393	-5.85329	-5.85329	-7.36901
394	-5.76329	-5.76329	-7.19704
395	-5.67023	-5.67023	-6.99045
396	-5.57406	-5.57406	-6.74103
397	-5.47469	-5.47469	-6.43914
398	-5.37204	-5.37204	-6.07635
399	-5.26603	-5.26603	-5.64802
400	-5.15657	-5.15657	-5.15657
401	-5.13905	-5.13905	-4.61195
402	-5.12151	-5.12152	-4.03203
403	-5.10396	-5.10396	-3.44116
404	-5.08638	-5.08638	-2.86633
405	-5.06878	-5.06878	-2.33306
406	-5.05116	-5.05117	-1.86182
407	-5.03353	-5.03353	-1.46583
408	-5.01587	-5.01587	-1.15061
409	-4.99819	-4.99819	-0.916238
410	-4.98049	-4.98049	-0.762087
411	-4.96278	-4.96278	-0.687973
412	-4.94504	-4.94504	-0.698647
413	-4.92729	-4.92729	-0.802722
414	-4.90952	-4.90951	-1.01078
415	-4.89172	-4.89172	-1.3284
416	-4.87391	-4.87391	-1.75432
417	-4.85608	-4.85608	-2.27592
418	-4.83823	-4.83823	-2.86976
419	-4.82036	-4.82036	-3.50602
420	-4.80248	-4.80247	-4.15337
421	-4.78457	-4.78457	-4.78457
422	-5.32049	-5.32049	-5.38222
423	-5.83508	-5.83508	-5.94063
424	-6.33047	-6.33047	-6.46663
425	-6.80858	-6.80858	-6.97474
426	-7.27114	-7.27114	-7.48366
427	-7.71973	-7.71973	-8.01066
428	-8.15577	-8.15577	-8.56686
429	-8.58059	-8.58059	-9.15442
430	-8.99539	-8.99539	-9.76576
431	-9.4013	-9.4013	-10.3852
432	-9.79936	-9.79936	-10.9907
433	-10.1905	-10.1905	-11.5575
434	-10.5758	-10.5758	-12.0618
435	-10.956	-10.956	-12.4841
436	-11.3319	-11.3319	-12.8133
437	-11.7044	-11.7044	-13.0498
438	-12.0743	-12.0743	-13.206
439	-12.4422	-12.4422	-13.3055
440	-12.8091	-12.8091	-13.3766
441	-13.1755	-13.1755	-13.4482
442	-13.5423	-13.5423	-13.5423
443	-13.5031	-13.5031	-13.6705
444	-13.4661	-13.4661	-13.8342
445	-13.4311	-13.4311	-14.0253
446	-13.3981	-13.3981	-14.2303
447	-13.3671	-13.3671	-14.4343
448	-13.3381	-13.3381	-14.6243
449	-13.3111	-13.3111	-14.7905
450	-13.286	-13.286	-14.9269
451	-13.263	-13.263	-15.0301
452	-13.2419	-13.2419	-15.0995
453	-13.2228	-13.2228	-15.1347
454	-13.2059	-13.2059	-15.1361
455	-13.1911	-13.1911	-15.1034
456	-13.1786	-13.1786	-15.0352
457	-13.1684	-13.1684	-14.9283
458	-13.1606	-13.1606	-14.7771
459	-13.1555	-13.1555	-14.5756
460	-13.1531	-13.1531	-14.3162
461	-13.1537	-13.1537	-13.9936
462	-13.1575	-13.1575	-13.6079
463	-13.1648	-13.1648	-13.1648
464	-12.8206	-12.8206	-12.6773
465	-12.4703	-12.4703	-12.1629
466	-12.1129	-12.1129	-11.64
467	-11.7477	-11.7477	-11.1229
468	-11.3738	-11.3738	-10.6185
469	-10.9901	-10.9901	-10.1253
470	-10.5954	-10.5954	-9.6336
471	-10.1884	-10.1884	-9.12904
472	-9.7677	-9.7677	-8.59768
473	-9.33151	-9.33151	-8.03338
474	-8.87793	-8.87793	-7.43834
475	-8.40474	-8.40474	-6.8271
476	-7.90937	-7.90937	-6.22005
477	-7.38883	-7.38883	-5.63991
478	-6.83962	-6.83962	-5.10545
479	-6.25762	-6.25762	-4.62605
480	-5.63792	-5.63792	-4.20002
481	-4.97465	-4.97465	-3.81247
482	-4.26075	-4.26075	-3.44019
483	-3.48757	-3.48757	-3.05791
484	-2.6445	-2.6445	-2.6445
485	-2.73836	-2.73836	-2.19487
486	-2.85995	-2.85995	-1.71833
487	-3.01527	-3.01527	-1.24118
488	-3.21226	-3.21226	-0.803801
489	-3.4616	-3.4616	-0.451822
490	-3.77802	-3.77802	-0.234272
491	-4.18236	-4.18236	-0.191135
492	-4.70517	-4.70517	-0.353747
493	-5.393	-5.393	-0.749235
494	-6.32036	-6.32036	-1.40368
495	-7.61425	-7.61425	-2.37211
496	-9.50947	-9.50947	-3.77499
497	-12.4906	-12.4906	-5.89447
498	-17.7255	-17.7255	-9.44456
499	-28.7355	-28.7355	-16.6175
500	-58.7199	-58.7199	-37.2042