-20.3712
-20.3321
-20.2953
-20.2606
-20.2281
-20.1976
-20.1693
-20.1431
-20.119
-20.0969
-20.0768
-20.0587
-20.0426
-20.0285
-20.0163
-20.006
-19.9976
-19.9911
-19.9864
-19.9836
-19.9826
-19.9833
-19.9733
-19.9426
-19.8949
-19.8339
-19.7636
-19.6875
-19.6096
-19.5335
-19.463
-19.4019
-19.3541
-19.3233
-19.3134
-19.3281
-19.3712
-19.4465
-19.5579
-19.709
-19.9036
-20.1454
-20.438
-20.7938
-21.2179
-21.7038
-22.2445
-22.8335
-23.4641
-24.1299
-24.8241
-25.5404
-26.272
-27.0124
-27.7546
-28.492
-29.2173
-29.9235
-30.6031
-31.2488
-31.8529
-32.4078
-32.906
-33.3399
-33.7378
-34.131
-34.5168
-34.8927
-35.2564
-35.6056
-35.9379
-36.251
-36.5426
-36.8104
-37.0517
-37.2639
-37.4445
-37.5904
-37.6986
-37.766
-37.7893
-37.765
-37.6895
-37.5589
-37.3696
-37.117
-36.8022
-36.4287
-36.0004
-35.5206
-34.9928
-34.4203
-33.8062
-33.1538
-32.4664
-31.7471
-30.9994
-30.2268
-29.4329
-28.6216
-27.7969
-26.9632
-26.125
-25.2869
-24.454
-23.6313
-22.7695
-21.8242
-20.8083
-19.7347
-18.6161
-17.4652
-16.2944
-15.1158
-13.9412
-12.7823
-11.6504
-10.5566
-9.51173
-8.52662
-7.61185
-6.77799
-6.03559
-5.39523
-4.86755
-4.46326
-4.1932
-4.05913
-4.04921
-4.15391
-4.36375
-4.66926
-5.06102
-5.5296
-6.06559
-6.6596
-7.30222
-7.98404
-8.69567
-9.42769
-10.1707
-10.9152
-11.6518
-12.3711
-13.0635
-13.7195
-14.3295
-14.884
-15.4571
-16.121
-16.8633
-17.6716
-18.533
-19.4344
-20.362
-21.3013
-22.2368
-23.152
-24.0295
-24.8506
-25.5958
-26.2451
-26.7776
-27.1728
-27.4104
-27.4714
-27.3384
-26.9968
-26.4349
-25.6107
-24.52
-23.2125
-21.7373
-20.1406
-18.4647
-16.7463
-15.0166
-13.3013
-11.6209
-9.99163
-8.42617
-6.93441
-5.52445
-4.20323
-2.97722
-1.85297
-0.837553
0.0611326
0.83411
1.47122
2.04355
2.62573
3.21131
3.79304
4.36302
4.91277
5.43343
5.91587
6.35078
6.72885
7.04083
7.27766
7.43051
7.49088
7.45062
7.30196
7.0375
6.65026
6.13362
5.48133
4.68749
3.68244
2.42261
0.940855
-0.731426
-2.56497
-4.53305
-6.61164
-8.77933
-11.017
-13.3074
-15.6342
-17.9814
-20.3324
-22.6683
-24.9678
-27.2052
-29.3502
-31.367
-33.2145
-34.8465
-36.2135
-37.3397
-38.2844
-39.0508
-39.6439
-40.0709
-40.3411
-40.4652
-40.4554
-40.3253
-40.0889
-39.7612
-39.3573
-38.8928
-38.3834
-37.845
-37.2935
-36.7449
-36.2155
-35.7214
-35.2791
-34.905
-34.5518
-34.1631
-33.7418
-33.2911
-32.8139
-32.3133
-31.7924
-31.2541
-30.7014
-30.1372
-29.5645
-28.986
-28.4046
-27.823
-27.2441
-26.6707
-26.1054
-25.551
-25.0102
-24.4859
-23.9806
-23.4778
-22.9615
-22.4347
-21.9005
-21.362
-20.822
-20.2834
-19.7489
-19.2215
-18.7039
-18.1989
-17.7095
-17.2386
-16.7892
-16.3643
-15.9673
-15.6012
-15.2695
-14.9757
-14.7232
-14.5156
-14.3641
-14.2733
-14.2372
-14.2497
-14.3049
-14.3968
-14.5196
-14.6674
-14.8341
-15.0141
-15.2014
-15.39
-15.5741
-15.7477
-15.9047
-16.0393
-16.1454
-16.2169
-16.2479
-16.2323
-16.1644
-16.0412
-15.8678
-15.6501
-15.3941
-15.1057
-14.7908
-14.4553
-14.1052
-13.7463
-13.3844
-13.0254
-12.675
-12.3389
-12.0229
-11.7327
-11.4738
-11.2518
-11.0723
-10.9408
-10.8628
-10.8436
-10.8546
-10.8667
-10.8846
-10.9127
-10.9557
-11.018
-11.1038
-11.2171
-11.3621
-11.5424
-11.7617
-12.0235
-12.3312
-12.688
-13.0972
-13.5619
-14.0855
-14.6711
-15.3223
-16.0425
-16.8356
-17.7598
-18.8582
-20.1126
-21.505
-23.0171
-24.6306
-26.3264
-28.0848
-29.885
-31.7055
-33.5238
-35.3163
-37.0591
-38.7273
-40.2961
-41.7403
-43.035
-44.1558
-45.079
-45.7815
-46.2414
-46.4583
-46.4598
-46.2677
-45.904
-45.3908
-44.7497
-44.0016
-43.1668
-42.2644
-41.3129
-40.3297
-39.3313
-38.3335
-37.3513
-36.3995
-35.4922
-34.6434
-33.8669
-33.1766
-32.5863
-32.1103
-31.6877
-31.2515
-30.8066
-30.3585
-29.9127
-29.4745
-29.0496
-28.6435
-28.2617
-27.9096
-27.5924
-27.3154
-27.0839
-26.9027
-26.7771
-26.7119
-26.7123
-26.7831
-26.9294
-27.1563
-27.469
-27.8969
-28.4569
-29.1353
-29.9186
-30.7934
-31.7465
-32.7646
-33.8347
-34.9438
-36.0793
-37.2286
-38.3794
-39.5194
-40.6368
-41.7198
-42.7568
-43.7363
-44.6468
-45.477
-46.2153
-46.8501
-47.418
-47.964
-48.4889
-48.9929
-49.4761
-49.9378
-50.3768
-50.7912
-51.1787
-51.5359
-51.8592
-52.1442
-52.3864
-52.5806
-52.7217
-52.8045
-52.824
-52.7756
-52.6552
-52.4594
-52.1858
-51.8074
-51.3061
-50.6937
-49.9825
-49.1849
-48.313
-47.3785
-46.3929
-45.3671
-44.3114
-43.2361
-42.1507
-41.065
-39.9884
-38.9303
-37.9004
-36.9085
-35.9649
-35.0799
-34.2646
-33.53
-32.8476
-32.1822
-31.5359
-30.9102
-30.3069
-29.7275
-29.1732
-28.6453
-28.1451
-27.6735
-27.2315
-26.82
-26.4397
-26.0914
-25.7756
-25.4929
-25.2439
-25.0292
-24.849
-24.7041
-24.5949
-24.5357
-24.5374
-24.5952
-24.7042
-24.8598
-25.0572
-25.2914
-25.5576
-25.8511
-26.1669
-26.5002
-26.846
-27.1995
-27.5555
-27.9091
-28.2551
-28.5886
-28.9042
-29.1971
-29.462
-29.6941
-29.9228
-30.1776
-30.4537
-30.7467
-31.052
-31.3652
-31.6817
-31.9969
-32.3062
-32.6045
-32.8871
-33.1486
-33.3838
-33.5873
-33.7534
-33.8765
-33.9509
-33.9708
-33.9305
-33.8243
-33.6469
-33.385
-33.0349
-32.6053
-32.1049
-31.5424
-30.9267
-30.2664
-29.57
-28.846
-28.1028
-27.3487
-26.5917
-25.8399
-25.1013
-24.3836
-23.6946
-23.0421
-22.4336
-21.8769
-21.3796
-20.9493
-20.5691
-20.2162
-19.8891
-19.5865
-19.307
-19.0494
-18.8122
-18.5943
-18.3942
-18.2108
-18.0426
-17.8884
-17.747
-17.6171
-17.4974
-17.3868
-17.284
-17.188
-17.0975
-17.0114
-16.9289
-16.8641
-16.8302
-16.8247
-16.8448
-16.8879
-16.9514
-17.0324
-17.1282
-17.2356
-17.3516
-17.4728
-17.5956
-17.7164
-17.831
-17.9353
-18.0246
-18.0943
-18.1395
-18.1551
-18.1361
-18.0777
-17.9725
-17.8197
-17.625
-17.394
-17.1327
-16.8471
-16.5431
-16.2263
-15.9024
-15.5764
-15.2535
-14.9383
-14.6354
-14.3491
-14.0836
-13.8429
-13.6311
-13.4524
-13.3109
-13.211
-13.1574
-13.1396
-13.144
-13.1708
-13.2205
-13.2935
-13.3903
-13.5112
-13.6563
-13.8258
-14.0194
-14.2366
-14.4767
-14.7387
-15.0211
-15.3223
-15.6405
-15.9733
-16.3185
-16.6735
-17.0354
-17.4017
-17.775
-18.1602
-18.5577
-18.9678
-19.3907
-19.8265
-20.275
-20.7361
-21.2093
-21.6944
-22.1907
-22.6978
-23.2153
-23.7429
-24.2803
-24.8278
-25.3857
-25.9548
-26.5367
-27.1333
-27.7472
-28.4276
-29.2153
-30.1013
-31.0762
-32.1299
-33.2515
-34.4294
-35.6508
-36.9021
-38.1691
-39.4367
-40.6894
-41.9116
-43.0873
-44.2004
-45.2349
-46.1747
-47.0033
-47.7039
-48.259
-48.6496
-48.8757
-48.9564
-48.8994
-48.7113
-48.3976
-47.9638
-47.4152
-46.7576
-45.9977
-45.1432
-44.2031
-43.1884
-42.1119
-40.9885
-39.8358
-38.6734
-37.5233
-36.4099
-35.3593
-34.3989
-33.5571
-32.7694
-31.9566
-31.1253
-30.2822
-29.434
-28.5873
-27.7489
-26.9255
-26.1239
-25.351
-24.6135
-23.9186
-23.2731
-22.6841
-22.1588
-21.7043
-21.3279
-21.037
-20.839
-20.7417
-20.753
-20.911
-21.2418
-21.7349
-22.3798
-23.1658
-24.0818
-25.1169
-26.2592
-27.4966
-28.8159
-30.2024
-31.6397
-33.1095
-34.5909
-36.0601
-37.4906
-38.8531
-40.1156
-41.2441
-42.203
-42.9564
-43.5202
-43.9388
-44.2199
-44.3724
-44.4065
-44.3331
-44.1639
-43.9115
-43.5888
-43.2093
-42.7864
-42.3341
-41.8659
-41.3954
-40.9358
-40.5001
-40.1006
-39.7494
-39.4579
-39.237
-39.0971
-39.0182
-38.9718
-38.9557
-38.9672
-39.0034
-39.0615
-39.1385
-39.2312
-39.3368
-39.4519
-39.5736
-39.6985
-39.8234
-39.9448
-40.0592
-40.1627
-40.2513
-40.3207
-40.3664
-40.3835
-40.3668
-40.321
-40.2548
-40.1682
-40.0613
-39.9337
-39.7856
-39.6169
-39.4278
-39.219
-38.9912
-38.7457
-38.4841
-38.2083
-37.9206
-37.6235
-37.3198
-37.0127
-36.7052
-36.4007
-36.1022
-35.8129
-35.5351
-35.2678
-35.0084
-34.7547
-34.5039
-34.2537
-34.0014
-33.7446
-33.4808
-33.2075
-32.9223
-32.6227
-32.3064
-31.971
-31.6141
-31.2334
-30.8266
-30.3913
-29.925
-29.4254
-28.8899
-28.2945
-27.6232
-26.8849
-26.0888
-25.2442
-24.3604
-23.4465
-22.5119
-21.566
-20.618
-19.6772
-18.7532
-17.855
-16.9922
-16.1739
-15.4094
-14.7081
-14.0791
-13.5318
-13.0752
-12.7186
-12.45
-12.2486
-12.1103
-12.0309
-12.0063
-12.0325
-12.1054
-12.2208
-12.3749
-12.5635
-12.7829
-13.0289
-13.2979
-13.5858
-13.8889
-14.2033
-14.5252
-14.8507
-15.1758
-15.4967
-15.8095
-16.1747
-16.6461
-17.2094
-17.8504
-18.5545
-19.3068
-20.0922
-20.8952
-21.7
-22.4905
-23.2503
-23.9627
-24.611
-25.1785
-25.6485
-26.0046
-26.231
-26.3124
-26.2345
-25.9839
-25.5487
-24.9035
-24.0521
-23.0275
-21.8623
-20.5876
-19.232
-17.8216
-16.3795
-14.9257
-13.4775
-12.0495
-10.6541
-9.30209
-8.00277
-6.76456
-5.59535
-4.50286
-3.49491
-2.5797
-1.76598
-1.06315
-0.440736
0.140835
0.684766
1.19376
1.67015
2.11603
2.53336
2.924
3.2898
3.63265
3.95447
4.25728
4.54318
4.81438
5.07316
5.3219
5.56305
5.7991
6.03256
6.26592
6.50161
6.7305
6.94249
7.13844
7.31924
7.48573
7.6388
7.77928
7.90804
8.02593
8.1338
8.2325
8.32288
8.40578
8.48207
8.55257
8.61816
8.67967
8.73797
8.7939
8.84832
8.9021
8.95022
8.98763
9.0151
9.03345
9.04347
9.04595
9.04172
9.03157
9.01632
8.99676
8.9737
8.94795
8.9203
8.89155
8.86249
8.83391
8.80661
8.78136
8.75895
8.74017
8.7258
8.713
8.69857
8.6827
8.66563
8.64755
8.62868
8.60924
8.58943
8.56949
8.54961
8.53001
8.51093
8.49256
8.47513
8.45885
8.44395
8.43065
8.41915
8.4097
8.40249
8.39776
8.39549
8.39542
8.39737
8.40118
8.40668
8.4137
8.42206
8.4316
8.44215
8.45353
8.46559
8.47814
8.49102
8.50406
8.51709
8.52993
8.54242
8.55438
8.56566
8.57606
8.58543
8.59512
8.60643
8.61909
8.63282
8.64735
8.66241
8.67773
8.69304
8.70807
8.72254
8.73618
8.74873
8.75991
8.76945
8.77707
8.78252
8.7855
8.78576
8.78303
8.77702
8.76747
8.75459
8.73886
8.72044
8.69949
8.67616
8.6506
8.62298
8.59344
8.56214
8.52923
8.49488
8.45923
8.42244
8.38468
8.34608
8.30681
8.26703
8.22688
8.18654
8.14614
8.10585
8.06545
8.02646
7.98899
7.95202
7.915
7.87712
7.8359
7.7885
7.74558
7.70814
7.63393
7.55969
7.51664
7.42774
