-20.3712
-20.3527
-20.3342
-20.3157
-20.2971
-20.2786
-20.2601
-20.2417
-20.2232
-20.2047
-20.1862
-20.1677
-20.1493
-20.1308
-20.1124
-20.0939
-20.0755
-20.057
-20.0386
-20.0201
-20.0017
-19.9833
-20.005
-20.0266
-20.0483
-20.0699
-20.0916
-20.1132
-20.1349
-20.1565
-20.1782
-20.1999
-20.2215
-20.2432
-20.2648
-20.2865
-20.3081
-20.3298
-20.3514
-20.3731
-20.3947
-20.4164
-20.438
-21.0542
-21.6694
-22.2836
-22.897
-23.5097
-24.122
-24.7338
-25.3453
-25.9568
-26.5683
-27.18
-27.792
-28.4045
-29.0177
-29.6316
-30.2464
-30.8623
-31.4795
-32.098
-32.7181
-33.3399
-33.515
-33.6918
-33.8704
-34.0506
-34.2325
-34.4162
-34.6015
-34.7885
-34.9772
-35.1675
-35.3595
-35.5532
-35.7485
-35.9454
-36.144
-36.3442
-36.5461
-36.7495
-36.9546
-37.1613
-37.3696
-36.7209
-36.0724
-35.424
-34.7756
-34.127
-33.4781
-32.8289
-32.1791
-31.5287
-30.8775
-30.2255
-29.5724
-28.9183
-28.2629
-27.6061
-26.948
-26.2882
-25.6268
-24.9636
-24.2984
-23.6313
-22.675
-21.7227
-20.7742
-19.8295
-18.8884
-17.9507
-17.0164
-16.0852
-15.157
-14.2318
-13.3092
-12.3891
-11.4714
-10.556
-9.64247
-8.73082
-7.8208
-6.91223
-6.00491
-5.09863
-4.1932
-4.69888
-5.20442
-5.7099
-6.21537
-6.72093
-7.22664
-7.73258
-8.23882
-8.74544
-9.25253
-9.76015
-10.2684
-10.7773
-11.287
-11.7976
-12.3091
-12.8217
-13.3354
-13.8503
-14.3664
-14.884
-15.4132
-15.9437
-16.4755
-17.0088
-17.5437
-18.0804
-18.6189
-19.1594
-19.702
-20.2469
-20.7942
-21.3441
-21.8967
-22.4522
-23.0107
-23.5724
-24.1375
-24.7061
-25.2784
-25.8546
-26.4349
-24.5454
-22.7369
-21.0051
-19.3455
-17.7537
-16.2256
-14.7569
-13.3439
-11.9825
-10.6694
-9.40094
-8.17395
-6.9853
-5.83203
-4.71134
-3.62054
-2.55707
-1.51849
-0.502422
0.493409
1.47122
1.62654
1.78164
1.93652
2.09117
2.24561
2.39982
2.55381
2.70759
2.86115
3.0145
3.16764
3.32056
3.47327
3.62577
3.77806
3.93014
4.08202
4.23369
4.38516
4.53643
4.68749
2.80902
0.948431
-0.897789
-2.7332
-4.56141
-6.38607
-8.21091
-10.0397
-11.8765
-13.7253
-15.5902
-17.4757
-19.3864
-21.327
-23.3026
-25.3186
-27.3805
-29.4945
-31.6668
-33.9041
-36.2135
-36.2578
-36.2901
-36.3106
-36.3196
-36.3174
-36.3041
-36.28
-36.2453
-36.2001
-36.1447
-36.0792
-36.0039
-35.9188
-35.8242
-35.7201
-35.6067
-35.4842
-35.3527
-35.2122
-35.0629
-34.905
-34.399
-33.8923
-33.385
-32.8768
-32.3676
-31.8573
-31.3457
-30.8327
-30.3182
-29.802
-29.2841
-28.7643
-28.2425
-27.7185
-27.1922
-26.6636
-26.1325
-25.5987
-25.0622
-24.5229
-23.9806
-23.537
-23.0927
-22.6477
-22.2021
-21.7558
-21.3089
-20.8612
-20.4129
-19.9638
-19.514
-19.0634
-18.6122
-18.1601
-17.7073
-17.2538
-16.7994
-16.3443
-15.8883
-15.4316
-14.974
-14.5156
-14.6065
-14.6961
-14.7844
-14.8715
-14.9574
-15.042
-15.1254
-15.2076
-15.2886
-15.3683
-15.4468
-15.524
-15.6001
-15.6749
-15.7485
-15.8209
-15.892
-15.962
-16.0307
-16.0982
-16.1644
-15.9071
-15.6502
-15.3937
-15.1376
-14.8818
-14.6264
-14.3714
-14.1167
-13.8625
-13.6087
-13.3552
-13.1022
-12.8496
-12.5973
-12.3455
-12.0942
-11.8432
-11.5926
-11.3425
-11.0928
-10.8436
-11.118
-11.3935
-11.6703
-11.9483
-12.2274
-12.5077
-12.7891
-13.0715
-13.3551
-13.6398
-13.9255
-14.2122
-14.4999
-14.7886
-15.0783
-15.3689
-15.6605
-15.953
-16.2463
-16.5405
-16.8356
-18.2001
-19.5695
-20.9435
-22.3221
-23.7051
-25.0922
-26.4833
-27.8783
-29.2767
-30.6785
-32.0834
-33.491
-34.9013
-36.3138
-37.7284
-39.1446
-40.5623
-41.9812
-43.4008
-44.821
-46.2414
-45.4841
-44.7375
-44.0013
-43.2752
-42.5586
-41.8512
-41.1527
-40.4627
-39.7809
-39.1068
-38.4401
-37.7806
-37.1278
-36.4814
-35.8412
-35.2067
-34.5777
-33.9539
-33.3349
-32.7205
-32.1103
-31.893
-31.6754
-31.4576
-31.2394
-31.021
-30.8022
-30.583
-30.3635
-30.1436
-29.9233
-29.7026
-29.4815
-29.2599
-29.0378
-28.8153
-28.5922
-28.3687
-28.1446
-27.92
-27.6948
-27.469
-28.4093
-29.3478
-30.2845
-31.2193
-32.1523
-33.0835
-34.0128
-34.9404
-35.8661
-36.7901
-37.7124
-38.633
-39.552
-40.4693
-41.3851
-42.2993
-43.2121
-44.1236
-45.0336
-45.9425
-46.8501
-47.0918
-47.3353
-47.5806
-47.8275
-48.076
-48.3259
-48.5773
-48.8299
-49.0837
-49.3386
-49.5945
-49.8513
-50.1089
-50.3671
-50.626
-50.8853
-51.145
-51.4051
-51.6653
-51.9255
-52.1858
-51.304
-50.4272
-49.5545
-48.6848
-47.8174
-46.9513
-46.0856
-45.2193
-44.3518
-43.4821
-42.6093
-41.7327
-40.8514
-39.9645
-39.0713
-38.1708
-37.2623
-36.3448
-35.4175
-34.4795
-33.53
-33.1062
-32.6826
-32.259
-31.8355
-31.412
-30.9884
-30.5647
-30.1409
-29.7169
-29.2926
-28.868
-28.4431
-28.0178
-27.592
-27.1658
-26.739
-26.3116
-25.8835
-25.4548
-25.0252
-24.5949
-24.8436
-25.0914
-25.3383
-25.5844
-25.8297
-26.0743
-26.3182
-26.5616
-26.8044
-27.0466
-27.2885
-27.53
-27.7711
-28.0119
-28.2525
-28.493
-28.7332
-28.9735
-29.2136
-29.4538
-29.6941
-29.8814
-30.0689
-30.2565
-30.4442
-30.632
-30.8199
-31.008
-31.1961
-31.3843
-31.5726
-31.761
-31.9494
-32.1379
-32.3265
-32.5151
-32.7037
-32.8923
-33.0809
-33.2696
-33.4583
-33.6469
-33.0297
-32.4142
-31.8002
-31.1878
-30.5769
-29.9674
-29.3592
-28.7523
-28.1466
-27.5421
-26.9386
-26.3362
-25.7347
-25.1342
-24.5344
-23.9354
-23.3371
-22.7394
-22.1422
-21.5456
-20.9493
-20.7569
-20.5646
-20.3724
-20.1803
-19.9884
-19.7965
-19.6047
-19.413
-19.2214
-19.0299
-18.8385
-18.6471
-18.4559
-18.2647
-18.0737
-17.8827
-17.6918
-17.5009
-17.3102
-17.1195
-16.9289
-16.959
-16.9913
-17.0259
-17.0626
-17.1017
-17.143
-17.1868
-17.2329
-17.2814
-17.3325
-17.3861
-17.4423
-17.5012
-17.5629
-17.6273
-17.6947
-17.765
-17.8383
-17.9148
-17.9946
-18.0777
-17.8352
-17.5937
-17.3532
-17.1136
-16.8749
-16.6371
-16.4002
-16.1641
-15.9288
-15.6943
-15.4605
-15.2274
-14.995
-14.7633
-14.5322
-14.3017
-14.0718
-13.8424
-13.6136
-13.3853
-13.1574
-13.329
-13.5035
-13.6808
-13.861
-14.0442
-14.2303
-14.4194
-14.6116
-14.8068
-15.0051
-15.2066
-15.4112
-15.619
-15.8301
-16.0444
-16.2621
-16.4831
-16.7076
-16.9355
-17.1668
-17.4017
-17.8984
-18.3946
-18.8905
-19.386
-19.8811
-20.3758
-20.8701
-21.364
-21.8575
-22.3505
-22.8432
-23.3355
-23.8273
-24.3187
-24.8097
-25.3004
-25.7905
-26.2803
-26.7697
-27.2586
-27.7472
-28.5098
-29.3034
-30.1266
-30.9783
-31.8572
-32.7622
-33.6921
-34.6457
-35.6219
-36.6194
-37.6372
-38.6739
-39.7284
-40.7994
-41.8856
-42.9858
-44.0987
-45.2229
-46.357
-47.4997
-48.6496
-48.0903
-47.5193
-46.936
-46.3399
-45.7304
-45.1069
-44.4686
-43.8151
-43.1455
-42.4592
-41.7554
-41.0332
-40.2918
-39.5304
-38.7481
-37.9438
-37.1166
-36.2654
-35.3892
-34.4868
-33.5571
-32.9591
-32.3595
-31.7585
-31.156
-30.5521
-29.9468
-29.3404
-28.7327
-28.1238
-27.5139
-26.903
-26.2911
-25.6784
-25.0648
-24.4505
-23.8356
-23.22
-22.6039
-21.9873
-21.3703
-20.753
-21.5316
-22.3295
-23.1477
-23.9874
-24.8498
-25.7362
-26.6478
-27.5861
-28.5524
-29.5484
-30.5755
-31.6355
-32.73
-33.8609
-35.03
-36.2391
-37.4903
-38.7856
-40.127
-41.5166
-42.9564
-42.7681
-42.5802
-42.3927
-42.2056
-42.0189
-41.8327
-41.6469
-41.4616
-41.2768
-41.0924
-40.9084
-40.725
-40.542
-40.3596
-40.1777
-39.9962
-39.8153
-39.635
-39.4551
-39.2758
-39.0971
-39.0883
-39.0869
-39.0926
-39.1055
-39.1254
-39.1522
-39.1858
-39.2263
-39.2735
-39.3274
-39.3881
-39.4555
-39.5295
-39.6103
-39.6978
-39.7921
-39.8932
-40.0011
-40.116
-40.2378
-40.3668
-40.1636
-39.9589
-39.7527
-39.5451
-39.336
-39.1255
-38.9136
-38.7004
-38.4858
-38.2698
-38.0526
-37.8341
-37.6143
-37.3932
-37.1709
-36.9475
-36.7228
-36.497
-36.2701
-36.042
-35.8129
-35.4777
-35.1427
-34.808
-34.4736
-34.1397
-33.8062
-33.4732
-33.1408
-32.8089
-32.4777
-32.1472
-31.8174
-31.4884
-31.1602
-30.8329
-30.5065
-30.1811
-29.8566
-29.5333
-29.211
-28.8899
-28.1031
-27.3178
-26.5342
-25.7522
-24.9719
-24.1932
-23.4162
-22.6409
-21.8673
-21.0955
-20.3253
-19.5569
-18.7902
-18.0253
-17.2621
-16.5006
-15.7408
-14.9827
-14.2263
-13.4716
-12.7186
-12.8647
-13.0106
-13.1564
-13.3022
-13.4479
-13.5936
-13.7394
-13.8853
-14.0313
-14.1775
-14.3239
-14.4706
-14.6176
-14.7649
-14.9126
-15.0607
-15.2093
-15.3585
-15.5082
-15.6585
-15.8095
-16.2722
-16.7349
-17.1976
-17.6604
-18.1233
-18.5862
-19.0492
-19.5123
-19.9755
-20.4388
-20.9023
-21.3659
-21.8298
-22.2938
-22.758
-23.2224
-23.6871
-24.1521
-24.6173
-25.0829
-25.5487
-24.04
-22.5765
-21.1564
-19.778
-18.4394
-17.1389
-15.8747
-14.645
-13.4481
-12.2823
-11.1459
-10.0373
-8.95495
-7.89729
-6.8628
-5.85002
-4.85755
-3.88396
-2.92792
-1.98809
-1.06315
-0.70355
-0.344038
0.0154124
0.374823
0.734219
1.09362
1.45306
1.81255
2.17212
2.5318
2.89159
3.25154
3.61166
3.97198
4.33252
4.69329
5.05433
5.41566
5.77731
6.13928
6.50161
6.61445
6.72744
6.84057
6.95384
7.06725
7.18081
7.29452
7.40837
7.52237
7.63652
7.75081
7.86526
7.97985
8.0946
8.20949
8.32454
8.43975
8.5551
8.67061
8.78628
8.9021
8.89368
8.88526
8.87684
8.86842
8.86001
8.8516
8.8432
8.83479
8.82639
8.81799
8.8096
8.80121
8.79282
8.78443
8.77605
8.76767
8.75929
8.75091
8.74254
8.73417
8.7258
8.71034
8.69487
8.67938
8.66387
8.64835
8.63281
8.61726
8.60169
8.5861
8.57049
8.55487
8.53924
8.52358
8.50791
8.49223
8.47652
8.4608
8.44507
8.42932
8.41355
8.39776
8.40671
8.41566
8.42461
8.43356
8.44251
8.45145
8.46039
8.46933
8.47827
8.48721
8.49615
8.50508
8.51402
8.52295
8.53188
8.54081
8.54974
8.55866
8.56759
8.57651
8.58543
8.5941
8.60277
8.61144
8.62011
8.62878
8.63745
8.64611
8.65478
8.66345
8.67212
8.68079
8.68946
8.69813
8.70679
8.71546
8.72413
8.7328
8.74147
8.75013
8.7588
8.76747
8.73598
8.7045
8.67301
8.64151
8.61002
8.57852
8.54703
8.51553
8.48402
8.45252
8.42101
8.38951
8.358
8.32649
8.29497
8.26346
8.23194
8.20042
8.1689
8.13738
8.10585
8.06545
8.02646
7.98899
7.95202
7.915
7.87712
7.8359
7.7885
7.74558
7.70814
7.63393
7.55969
7.51664
7.42774
