-3.05774
-3.06034
-3.05813
-3.05148
-3.04073
-3.02622
-3.00832
-2.98737
-2.96373
-2.93773
-2.90974
-2.88011
-2.84917
-2.8173
-2.78483
-2.75212
-2.71951
-2.68736
-2.65602
-2.62584
-2.59716
-2.57035
-2.54217
-2.50961
-2.47337
-2.43413
-2.39259
-2.34942
-2.30532
-2.26098
-2.21709
-2.17432
-2.13338
-2.09495
-2.05971
-2.02837
-2.00159
-1.98008
-1.96452
-1.9556
-1.954
-1.96042
-1.97555
-1.99813
-2.02635
-2.06003
-2.09899
-2.14305
-2.19205
-2.24579
-2.30411
-2.36682
-2.43376
-2.50474
-2.57959
-2.65812
-2.74017
-2.82556
-2.91411
-3.00564
-3.09997
-3.19694
-3.29636
-3.39805
-3.51072
-3.64155
-3.78806
-3.94778
-4.11825
-4.297
-4.48155
-4.66944
-4.85819
-5.04534
-5.22842
-5.40496
-5.57249
-5.72854
-5.87064
-5.99631
-6.1031
-6.18853
-6.25014
-6.28544
-6.29198
-6.27154
-6.22853
-6.16437
-6.08051
-5.97838
-5.85943
-5.72509
-5.5768
-5.416
-5.24412
-5.06261
-4.8729
-4.67644
-4.47465
-4.26898
-4.06086
-3.85174
-3.64306
-3.43624
-3.23273
-3.03397
-2.82936
-2.60868
-2.37398
-2.12728
-1.87061
-1.606
-1.33548
-1.06107
-0.78481
-0.508727
-0.234849
0.0347934
0.298172
0.553257
0.79802
1.03043
1.24846
1.45008
1.63326
1.79597
1.93618
2.05585
2.15899
2.24663
2.3198
2.37954
2.42689
2.46288
2.48854
2.50492
2.51305
2.51397
2.5087
2.49829
2.48376
2.46617
2.44653
2.4259
2.4053
2.38576
2.36833
2.35404
2.33431
2.30105
2.25598
2.20087
2.13745
2.06747
1.99267
1.91479
1.83559
1.7568
1.68017
1.60745
1.54037
1.48068
1.43014
1.39047
1.36343
1.35076
1.3542
1.3755
1.41641
1.47966
1.56536
1.67129
1.79523
1.93496
2.08826
2.25292
2.42672
2.60743
2.79285
2.98074
3.1689
3.35511
3.53714
3.71278
3.87981
4.03601
4.17916
4.30705
4.41745
4.50815
4.59427
4.69056
4.79427
4.90263
5.01289
5.12228
5.22803
5.3274
5.41761
5.4959
5.55952
5.6057
5.63168
5.6347
5.612
5.56082
5.47839
5.36196
5.20875
5.01602
4.781
4.48089
4.10076
3.64966
3.13665
2.57076
1.96106
1.31658
0.646381
-0.0404906
-0.734985
-1.42805
-2.11065
-2.77372
-3.40822
-4.00509
-4.5553
-5.04978
-5.4795
-5.83539
-6.10842
-6.28953
-6.40297
-6.47901
-6.5176
-6.51871
-6.48231
-6.40835
-6.29681
-6.14764
-5.96082
-5.73631
-5.47406
-5.17405
-4.83625
-4.4606
-4.04709
-3.59566
-3.1063
-2.57895
-2.0136
-1.41019
-0.768699
-0.0664569
0.714625
1.56772
2.486
3.46263
4.49079
5.56365
6.67439
7.81616
8.98215
10.1655
11.3595
12.5571
13.7517
14.9363
16.1042
17.2485
18.3624
19.4391
20.4717
21.4534
22.4472
23.5117
24.6335
25.7991
26.9951
28.208
29.4245
30.631
31.8141
32.9605
34.0566
35.0891
36.0444
36.9092
37.6699
38.3133
38.8258
39.194
39.4044
39.4437
39.2983
38.93
38.3243
37.5034
36.4895
35.3049
33.9719
32.5126
30.9493
29.3042
27.5997
25.8579
24.101
22.3514
20.6313
18.9628
17.3683
15.8699
14.49
13.2508
12.1744
11.2832
10.5468
9.91418
9.37671
8.92568
8.5524
8.24819
8.00437
7.81225
7.66314
7.54836
7.45921
7.38703
7.32311
7.25878
7.18534
7.09412
6.97642
6.82356
6.62686
6.37762
6.06717
5.70832
5.32174
4.91055
4.47784
4.02672
3.56029
3.08166
2.59392
2.10018
1.60355
1.10713
0.614012
0.127313
-0.349867
-0.814427
-1.26326
-1.69327
-2.10134
-2.48439
-2.83929
-3.16295
-3.4634
-3.75077
-4.02515
-4.28661
-4.53522
-4.77106
-4.99421
-5.20473
-5.40271
-5.58822
-5.76133
-5.92211
-6.07066
-6.20703
-6.3313
-6.44355
-6.54385
-6.63229
-6.70892
-6.77383
-6.8271
-6.86136
-6.87062
-6.85705
-6.82278
-6.76998
-6.70077
-6.61732
-6.52178
-6.41629
-6.30299
-6.18405
-6.06161
-5.93781
-5.81481
-5.69475
-5.57979
-5.47206
-5.37373
-5.28694
-5.21384
-5.15657
-5.10095
-5.03306
-4.95543
-4.8706
-4.7811
-4.68947
-4.59824
-4.50997
-4.42717
-4.35239
-4.28817
-4.23704
-4.20154
-4.1842
-4.18757
-4.21417
-4.26655
-4.34724
-4.45879
-4.60372
-4.78457
-5.0143
-5.30024
-5.63646
-6.01705
-6.4361
-6.88768
-7.36588
-7.86478
-8.37847
-8.90102
-9.42653
-9.94908
-10.4627
-10.9616
-11.4398
-11.8913
-12.3102
-12.6907
-13.0269
-13.3127
-13.5423
-13.7326
-13.9041
-14.0565
-14.1895
-14.3028
-14.396
-14.4688
-14.5209
-14.552
-14.5617
-14.5497
-14.5157
-14.4593
-14.3803
-14.2783
-14.1529
-14.0039
-13.8309
-13.6336
-13.4117
-13.1648
-12.6949
-11.8439
-10.6714
-9.23723
-7.60099
-5.82239
-3.9611
-2.07681
-0.22921
1.52202
3.1172
4.49664
5.60066
6.36958
6.7437
6.66335
6.06883
4.90048
3.09859
0.603495
-2.6445
-6.83738
-12.0571
-18.1984
-25.1558
-32.8241
-41.0978
-49.8717
-59.0404
-68.4985
-78.1407
-87.8617
-97.556
-107.118
-116.444
-125.426
-133.961
-141.942
-149.265
-155.823
-161.512
-166.227
-170.094
-173.34
-176.013
-178.158
-179.821
-181.05
-181.89
-182.387
-182.587
-182.538
-182.284
-181.873
-181.351
-180.764
-180.157
-179.578
-179.073
-178.687
-178.468
-178.461
-178.712
-179.098
-179.465
-179.813
-180.141
-180.449
-180.739
-181.01
-181.261
-181.494
-181.709
-181.905
-182.082
-182.241
-182.382
-182.505
-182.609
-182.696
-182.766
-182.817
-182.851
-182.868
-182.891
-182.938
-183.002
-183.076
-183.154
-183.227
-183.29
-183.334
-183.354
-183.341
-183.289
-183.19
-183.038
-182.826
-182.546
-182.191
-181.754
-181.229
-180.608
-179.884
-179.05
-178.204
-177.435
-176.717
-176.027
-175.342
-174.636
-173.887
-173.07
-172.162
-171.139
-169.976
-168.65
-167.137
-165.412
-163.453
-161.236
-158.735
-155.928
-152.79
-149.298
-145.428
-140.987
-135.851
-130.095
-123.798
-117.035
-109.884
-102.421
-94.7237
-86.8679
-78.9308
-70.9892
-63.1198
-55.3995
-47.905
-40.7131
-33.9007
-27.5445
-21.7213
-16.5078
-11.981
-8.21749
-5.15788
-2.66242
-0.68751
0.810428
1.87498
2.54973
2.87827
2.90417
2.67103
2.22242
1.60194
0.853168
0.0196878
-0.854914
-1.72705
-2.55314
-3.2896
-3.89284
-4.31928
-4.52533
-4.46741
-4.25571
-4.03067
-3.79412
-3.54786
-3.29371
-3.03347
-2.76896
-2.50198
-2.23436
-1.96789
-1.70439
-1.44567
-1.19355
-0.949825
-0.716317
-0.494833
-0.287185
-0.0951835
0.07936
0.234635
0.36883
0.480181
0.569448
0.638611
0.689647
0.724535
0.745252
0.753777
0.752088
0.742164
0.725982
0.705521
0.682759
0.659675
0.638245
0.620449
0.608265
0.603671
0.608645
0.625166
0.655211
0.700759
0.593628
0.196897
-0.44056
-1.26987
-2.24217
-3.30857
-4.42022
-5.52823
-6.58373
-7.53786
-8.34173
-8.94649
-9.30325
-9.36314
-9.0773
-8.39685
-7.27291
-5.65662
-3.4991
-0.751487
2.6351
6.82685
11.8981
17.7598
24.3231
31.499
39.1985
47.3328
55.8127
64.5495
73.4541
82.4375
91.4109
100.285
108.972
117.381
125.424
133.013
140.058
146.47
152.16
157.04
161.25
165.01
168.348
171.294
173.876
176.124
178.065
179.73
181.147
182.345
183.352
184.198
184.911
185.52
186.055
186.544
187.016
187.5
188.024
188.618
189.311
189.85
189.999
189.81
189.336
188.63
187.744
186.731
185.643
184.532
183.452
182.455
181.593
180.919
180.486
180.346
180.551
181.155
182.209
183.767
185.88
188.602
192.028
196.17
200.959
206.324
212.194
218.499
225.167
232.128
239.311
246.647
254.063
261.49
268.856
276.092
283.126
289.887
296.306
302.311
307.831
312.797
317.137
320.991
324.556
327.847
330.878
333.663
336.218
338.557
340.693
342.643
344.42
346.04
347.516
348.863
350.096
351.23
352.278
353.256
354.177
355.058
355.912
356.753
357.487
358.02
358.368
358.549
358.58
358.477
358.258
357.939
357.537
357.069
356.553
356.004
355.441
354.879
354.337
353.83
353.376
352.991
352.693
352.498
352.424
352.436
352.485
352.569
352.684
352.828
352.997
353.187
353.397
353.622
353.86
354.107
354.361
354.617
354.873
355.127
355.373
355.61
355.834
356.043
356.232
356.399
356.553
356.705
356.855
357.002
357.147
357.289
357.427
357.563
357.695
357.823
357.948
358.068
358.184
358.295
358.402
358.504
358.6
358.691
358.776
358.856
358.929
358.994
359.047
359.091
359.126
359.154
359.174
359.189
359.199
359.205
359.209
359.21
359.211
359.213
359.215
359.219
359.227
359.239
359.257
359.28
359.311
359.35
359.393
359.435
359.476
359.518
359.56
359.604
359.649
359.697
359.747
359.8
359.858
359.919
359.986
360.058
360.135
360.22
360.311
360.409
360.516
360.631
360.755
360.894
361.051
361.224
361.412
361.611
361.821
362.039
362.263
362.49
362.719
362.948
363.174
363.396
363.612
363.818
364.014
364.197
364.365
364.516
364.648
364.759
364.851
364.929
364.993
365.044
365.084
365.113
365.133
365.144
365.147
365.144
365.135
365.12
365.103
365.082
365.059
365.035
365.011
364.988
364.967
364.949
364.935
364.92
364.901
364.878
364.851
364.821
364.788
364.752
364.715
364.676
364.636
364.595
364.554
364.514
364.474
364.435
364.398
364.363
364.331
364.301
364.275
364.253
364.234
364.218
364.204
364.193
364.183
364.175
364.168
364.163
364.159
364.155
364.151
364.148
364.145
364.141
364.137
364.132
364.127
364.119
364.111
364.1
364.088
364.074
364.058
364.041
364.023
364.004
363.984
363.963
363.942
363.921
363.899
363.877
363.855
363.834
363.812
363.792
363.771
363.752
363.734
363.717
363.701
363.686
363.672
363.66
363.647
363.636
363.625
363.614
363.604
363.594
363.585
363.577
363.569
363.561
363.554
363.547
363.54
363.534
363.528
363.522
363.516
363.511
363.506
363.502
363.498
363.496
363.494
363.493
363.493
363.493
363.493
363.494
363.495
363.496
363.496
363.497
363.497
363.496
363.495
363.494
363.491
363.488
363.484
363.478
363.471
363.464
363.455
363.446
363.436
363.425
363.414
363.402
363.39
363.378
363.365
363.352
363.339
363.327
363.314
363.302
363.29
363.278
363.267
363.256
363.246
363.244
363.243
363.243
363.243
363.242
363.241
363.239
363.234
363.228
363.235
363.217
363.179
363.197
363.177
