-3.05774
-3.06016
-3.05782
-3.05108
-3.04028
-3.02577
-3.00788
-2.98697
-2.96337
-2.93744
-2.90951
-2.87993
-2.84906
-2.81723
-2.78481
-2.75212
-2.71954
-2.6874
-2.65605
-2.62586
-2.59718
-2.57035
-2.54211
-2.50942
-2.47299
-2.43352
-2.39171
-2.34828
-2.30391
-2.25932
-2.21519
-2.17223
-2.13114
-2.09261
-2.05734
-2.02602
-1.99935
-1.97802
-1.96272
-1.95413
-1.95296
-1.95987
-1.97555
-1.99881
-2.02785
-2.06244
-2.10234
-2.14732
-2.19716
-2.25164
-2.31056
-2.37371
-2.4409
-2.51194
-2.58665
-2.66486
-2.74641
-2.83115
-2.91891
-3.00955
-3.10293
-3.1989
-3.29732
-3.39805
-3.5106
-3.64275
-3.79178
-3.95498
-4.12964
-4.31307
-4.50256
-4.69542
-4.88896
-5.08047
-5.26727
-5.44666
-5.61597
-5.77252
-5.91366
-6.03676
-6.13922
-6.21847
-6.27198
-6.29729
-6.29198
-6.25743
-6.19811
-6.11633
-6.01437
-5.89447
-5.7588
-5.60948
-5.44855
-5.27794
-5.09948
-4.91493
-4.7259
-4.53391
-4.34034
-4.14648
-3.95349
-3.76241
-3.57416
-3.38955
-3.20929
-3.03397
-2.85377
-2.65894
-2.45007
-2.22782
-1.99296
-1.74646
-1.48947
-1.22342
-0.950005
-0.671197
-0.389267
-0.106767
0.173484
0.448423
0.714777
0.969109
1.20787
1.42747
1.62432
1.79498
1.93618
2.05237
2.15073
2.23249
2.29898
2.35168
2.3921
2.42178
2.44222
2.45487
2.4611
2.46217
2.4592
2.45316
2.44487
2.43496
2.42388
2.4119
2.3991
2.3854
2.37051
2.35404
2.32478
2.27449
2.20696
2.12589
2.03483
1.93717
1.83613
1.73478
1.63596
1.54234
1.45638
1.38035
1.3163
1.26607
1.23129
1.21342
1.21369
1.23322
1.27295
1.33374
1.41641
1.5213
1.64563
1.78584
1.93869
2.10136
2.2713
2.44631
2.62442
2.80384
2.98298
3.16031
3.3344
3.50381
3.66712
3.82287
3.96951
4.10547
4.22907
4.33858
4.43222
4.50815
4.58218
4.66934
4.76668
4.87123
4.98001
5.09001
5.1982
5.30152
5.39689
5.4812
5.55133
5.60414
5.63647
5.64515
5.62703
5.57896
5.49781
5.38048
5.2239
5.02506
4.781
4.47051
4.08052
3.62033
3.09927
2.52666
1.91178
1.26388
0.59215
-0.0943172
-0.786504
-1.47549
-2.15247
-2.80871
-3.43559
-4.02457
-4.56719
-5.055
-5.47959
-5.83254
-6.10538
-6.28953
-6.39617
-6.44508
-6.44036
-6.38597
-6.28571
-6.14314
-5.96162
-5.74427
-5.49399
-5.21343
-4.90507
-4.57119
-4.21394
-3.83536
-3.43744
-3.02221
-2.59176
-2.1484
-1.69469
-1.23363
-0.768699
-0.274425
0.278002
0.889652
1.56162
2.29499
3.09076
3.94977
4.8726
5.85946
6.91004
8.02335
9.1975
10.4295
11.7151
13.0483
14.4213
15.8243
17.245
18.6688
20.0782
21.4534
22.8354
24.2762
25.7696
27.3069
28.8768
30.465
32.0539
33.6222
35.1449
36.5935
37.9368
39.1413
40.173
40.9989
41.5886
41.9168
41.9646
41.7221
41.1887
40.3743
39.2983
37.9108
36.222
34.3423
32.3671
30.3727
28.4155
26.534
24.752
23.0821
21.5294
20.0938
18.7722
17.5598
16.4516
15.4425
14.5281
13.7048
12.9698
12.3215
11.7592
11.2832
10.882
10.5364
10.2367
9.97493
9.74369
9.53645
9.34728
9.17069
9.00156
8.8351
8.66679
8.49237
8.30781
8.10932
7.89336
7.65664
7.39615
7.10919
6.79336
6.44658
6.06717
5.65223
5.20483
4.73208
4.2405
3.73604
3.22402
2.7092
2.19577
1.68739
1.18728
0.69821
0.222621
-0.237371
-0.6799
-1.10331
-1.50608
-1.88683
-2.24421
-2.57692
-2.88363
-3.16295
-3.42247
-3.67149
-3.91095
-4.14158
-4.36398
-4.57854
-4.78556
-4.9852
-5.17752
-5.36248
-5.53997
-5.70978
-5.87164
-6.02524
-6.17016
-6.30596
-6.4321
-6.54799
-6.65297
-6.74629
-6.8271
-6.88834
-6.92436
-6.93647
-6.92603
-6.89449
-6.8434
-6.7744
-6.68927
-6.5899
-6.47829
-6.3566
-6.22714
-6.09233
-5.95474
-5.8171
-5.68223
-5.5531
-5.43278
-5.32443
-5.23127
-5.15657
-5.08427
-4.99777
-4.89965
-4.79263
-4.67954
-4.56338
-4.44731
-4.33464
-4.22883
-4.13347
-4.05224
-3.98887
-3.9471
-3.93061
-3.94293
-3.98739
-4.06705
-4.18458
-4.34225
-4.54183
-4.78457
-5.08383
-5.44506
-5.8574
-6.31044
-6.79441
-7.30034
-7.82011
-8.34643
-8.87285
-9.39363
-9.90369
-10.3985
-10.8738
-11.326
-11.7514
-12.1464
-12.5077
-12.8317
-13.1147
-13.3529
-13.5423
-13.6948
-13.8259
-13.9367
-14.028
-14.1006
-14.1554
-14.193
-14.214
-14.219
-14.2086
-14.183
-14.1428
-14.0883
-14.0197
-13.9374
-13.8414
-13.7321
-13.6096
-13.474
-13.3257
-13.1648
-12.9692
-12.7182
-12.4144
-12.0603
-11.6592
-11.2142
-10.7291
-10.2077
-9.65433
-9.07363
-8.47054
-7.85037
-7.21887
-6.58222
-5.94711
-5.32086
-4.7115
-4.12805
-3.58073
-3.08146
-2.6445
-2.28028
-1.99149
-1.78412
-1.66611
-1.6482
-1.74521
-1.97818
-2.37797
-2.99164
-3.89448
-5.21474
-7.18921
-10.3056
-15.7351
-26.9848
-56.9905
-115.128
-145.463
-156.975
-162.716
-166.227
-168.625
-170.345
-171.64
-172.651
-173.466
-174.14
-174.709
-175.199
-175.628
-176.009
-176.352
-176.665
-176.951
-177.217
-177.466
-177.699
-177.921
-178.131
-178.332
-178.526
-178.712
-178.91
-179.132
-179.372
-179.624
-179.882
179.856
179.595
179.338
179.087
178.845
178.612
178.391
178.182
177.988
177.809
177.646
177.501
177.376
177.271
177.189
-182.868
177.097
177.08
177.079
177.097
177.133
177.189
177.266
177.366
177.49
177.64
177.816
178.021
178.254
178.517
178.807
179.123
179.464
179.824
-179.803
-179.424
-179.05
-178.671
-178.269
-177.844
-177.396
-176.923
-176.422
-175.89
-175.322
-174.71
-174.043
-173.309
-172.488
-171.554
-170.468
-169.176
-167.595
-165.594
-162.959
-159.314
-153.949
-145.428
-130.605
-104.914
-72.6768
-48.9594
-35.4428
-27.6055
-22.6902
-19.3795
-17.0204
-15.2642
-13.9102
-12.8361
-11.9633
-11.2393
-10.6274
-10.1014
-9.6418
-9.23401
-8.86654
-8.53021
-8.21749
-7.92855
-7.66535
-7.42437
-7.20255
-6.99723
-6.80605
-6.62685
-6.45769
-6.29677
-6.1424
-5.99301
-5.84709
-5.70322
-5.56001
-5.41612
-5.27026
-5.12115
-4.96755
-4.8082
-4.6419
-4.46741
-4.27495
-4.05828
-3.82131
-3.56773
-3.301
-3.02448
-2.74134
-2.45465
-2.16736
-1.88233
-1.60234
-1.33007
-1.06811
-0.819006
-0.585197
-0.369061
-0.172896
0.00107693
0.150716
0.273959
0.36883
0.441581
0.500884
0.548343
0.585431
0.613513
0.633862
0.647666
0.656052
0.660083
0.660775
0.659099
0.655989
0.65234
0.649019
0.646858
0.646659
0.64919
0.655187
0.665349
0.680335
0.700759
0.72635
0.756808
0.792646
0.834339
0.882323
0.936992
0.998694
1.06773
1.14434
1.22871
1.32096
1.42114
1.52922
1.64507
1.76846
1.89903
2.03627
2.17952
2.32789
2.48023
2.6351
2.79563
2.96754
3.15319
3.35531
3.57718
3.82281
4.09723
4.4069
4.76041
5.16951
5.65088
6.22927
6.94316
7.85631
9.08287
10.8498
13.6816
19.1092
33.8833
100.895
157.04
169.684
174.792
177.652
179.558
-179.027
-177.9
-176.958
-176.143
-175.421
-174.772
-174.182
-173.643
-173.149
-172.697
-172.286
-171.914
-171.582
-171.292
-171.045
-170.843
189.311
-170.582
-170.514
-170.481
-170.479
-170.504
-170.552
-170.619
-170.702
-170.797
-170.901
-171.01
-171.119
-171.225
-171.324
-171.411
-171.483
-171.532
-171.556
-171.546
-171.496
188.602
-171.256
-171.078
-170.861
-170.6
-170.288
-169.917
-169.475
-168.944
-168.302
-167.513
-166.53
-165.278
-163.638
-161.412
-158.248
-153.463
-145.604
-131.357
-104.672
-68.5778
317.137
-29.0483
-21.2416
-16.4187
-13.2035
-10.9335
-9.26076
-7.98778
-6.99517
-6.2069
-5.57245
-5.05712
-4.63634
-4.29237
-4.01211
-3.78576
-3.60592
-3.46693
-3.36448
-3.29525
-3.25672
356.753
-3.27936
-3.36374
-3.49401
-3.66441
-3.86943
-4.10381
-4.36236
-4.64001
-4.93167
-5.23223
-5.53652
-5.83927
-6.13514
-6.41864
-6.68417
-6.92603
-7.13844
-7.31552
-7.45139
-7.54016
352.424
-7.56485
-7.51794
-7.43769
-7.32675
-7.18796
-7.02434
-6.83897
-6.63501
-6.41561
-6.1839
-5.94294
-5.69569
-5.44497
-5.19347
-4.94372
-4.69806
-4.45867
-4.22754
-4.00649
-3.79715
356.399
-3.40857
-3.21169
-3.01349
-2.81695
-2.62478
-2.43941
-2.26296
-2.0972
-1.94353
-1.803
-1.67628
-1.56367
-1.4651
-1.38015
-1.30808
-1.24784
-1.19809
-1.1573
-1.12374
-1.09559
358.929
-1.05072
-1.03575
-1.02478
-1.01666
-1.01034
-1.00493
-0.999631
-0.99373
-0.98661
-0.977723
-0.966585
-0.952759
-0.935854
-0.91551
-0.891393
-0.863184
-0.830575
-0.793262
-0.750939
-0.703292
359.35
-0.59688
-0.549116
-0.505455
-0.464693
-0.425671
-0.387277
-0.348447
-0.308161
-0.265442
-0.219351
-0.168988
-0.113483
-0.0519892
0.01632
0.0922611
0.176649
0.270306
0.374075
0.488827
0.615478
360.755
0.912125
1.08865
1.28134
1.48716
1.70324
1.92694
2.15574
2.38731
2.61945
2.85008
3.07722
3.29896
3.51348
3.71899
3.91373
4.09596
4.26396
4.41599
4.55033
4.66525
364.759
4.83559
4.90072
4.95518
4.99975
5.03522
5.06231
5.08178
5.09433
5.10069
5.10153
5.09754
5.0894
5.07776
5.06327
5.04658
5.0283
5.00907
4.98951
4.97024
4.95186
364.935
4.91684
4.89449
4.86843
4.83912
4.80703
4.7726
4.73627
4.69846
4.65959
4.62008
4.58031
4.54069
4.5016
4.46343
4.42655
4.39133
4.35814
4.32735
4.29932
4.27442
364.253
4.23483
4.21926
4.20604
4.1949
4.18561
4.1779
4.17153
4.16624
4.16179
4.15794
4.15444
4.15106
4.14757
4.14372
4.13929
4.13406
4.12779
4.12027
4.11128
4.10059
364.088
4.07363
4.05786
4.04082
4.02268
4.00357
3.98364
3.96304
3.94192
3.92041
3.89868
3.87685
3.85509
3.83353
3.81233
3.79162
3.77156
3.75228
3.73394
3.71669
3.70066
363.686
3.67241
3.65947
3.64715
3.63544
3.62431
3.61374
3.6037
3.59417
3.58513
3.57655
3.56841
3.56069
3.55336
3.5464
3.53979
3.53349
3.5275
3.52177
3.5163
3.51105
363.506
3.5016
3.49824
3.4958
3.49417
3.49322
3.49286
3.49295
3.49339
3.49406
3.49484
3.49562
3.49628
3.49672
3.4968
3.49643
3.49547
3.49383
3.49137
3.48799
3.48357
363.478
3.4713
3.46363
3.45508
3.44573
3.43566
3.42496
3.41372
3.40201
3.38992
3.37754
3.36495
3.35223
3.33947
3.32675
3.31416
3.30178
3.2897
3.27799
3.26675
3.25606
363.246
363.244
363.243
363.243
363.243
363.242
363.241
363.239
363.234
363.228
363.235
363.217
363.179
363.197
363.177
