-20.3712
-20.3527
-20.3343
-20.3158
-20.2973
-20.2788
-20.2604
-20.2419
-20.2234
-20.205
-20.1865
-20.168
-20.1495
-20.1311
-20.1126
-20.0941
-20.0757
-20.0572
-20.0387
-20.0202
-20.0018
-19.9833
-20.005
-20.0266
-20.0483
-20.0699
-20.0916
-20.1132
-20.1349
-20.1565
-20.1782
-20.1998
-20.2215
-20.2431
-20.2648
-20.2864
-20.3081
-20.3297
-20.3514
-20.373
-20.3947
-20.4163
-20.438
-21.0524
-21.6668
-22.2811
-22.8955
-23.5099
-24.1243
-24.7386
-25.353
-25.9674
-26.5818
-27.1961
-27.8105
-28.4249
-29.0393
-29.6536
-30.268
-30.8824
-31.4968
-32.1111
-32.7255
-33.3399
-33.5318
-33.7237
-33.9156
-34.1075
-34.2994
-34.4912
-34.6831
-34.875
-35.0669
-35.2588
-35.4507
-35.6426
-35.8345
-36.0264
-36.2183
-36.4101
-36.602
-36.7939
-36.9858
-37.1777
-37.3696
-36.7154
-36.0612
-35.407
-34.7528
-34.0986
-33.4444
-32.7902
-32.136
-31.4818
-30.8276
-30.1733
-29.5191
-28.8649
-28.2107
-27.5565
-26.9023
-26.2481
-25.5939
-24.9397
-24.2855
-23.6313
-22.7057
-21.7801
-20.8544
-19.9288
-19.0032
-18.0776
-17.1519
-16.2263
-15.3007
-14.3751
-13.4494
-12.5238
-11.5982
-10.6726
-9.74694
-8.82132
-7.8957
-6.97007
-6.04445
-5.11882
-4.1932
-4.70229
-5.21137
-5.72046
-6.22954
-6.73863
-7.24771
-7.7568
-8.26589
-8.77497
-9.28406
-9.79314
-10.3022
-10.8113
-11.3204
-11.8295
-12.3386
-12.8477
-13.3567
-13.8658
-14.3749
-14.884
-15.434
-15.9841
-16.5341
-17.0842
-17.6342
-18.1843
-18.7343
-19.2843
-19.8344
-20.3844
-20.9345
-21.4845
-22.0346
-22.5846
-23.1346
-23.6847
-24.2347
-24.7848
-25.3348
-25.8849
-26.4349
-25.106
-23.7772
-22.4483
-21.1194
-19.7906
-18.4617
-17.1329
-15.804
-14.4751
-13.1463
-11.8174
-10.4885
-9.15968
-7.83082
-6.50196
-5.17309
-3.84423
-2.51537
-1.18651
0.142357
1.47122
1.62438
1.77753
1.93069
2.08384
2.237
2.39015
2.54331
2.69647
2.84962
3.00278
3.15593
3.30909
3.46224
3.6154
3.76856
3.92171
4.07487
4.22802
4.38118
4.53433
4.68749
2.73982
0.792158
-1.15551
-3.10317
-5.05084
-6.99851
-8.94617
-10.8938
-12.8415
-14.7892
-16.7368
-18.6845
-20.6322
-22.5798
-24.5275
-26.4752
-28.4228
-30.3705
-32.3182
-34.2658
-36.2135
-36.1512
-36.0889
-36.0266
-35.9643
-35.902
-35.8396
-35.7773
-35.715
-35.6527
-35.5904
-35.5281
-35.4658
-35.4035
-35.3412
-35.2789
-35.2165
-35.1542
-35.0919
-35.0296
-34.9673
-34.905
-34.3848
-33.8646
-33.3444
-32.8242
-32.304
-31.7837
-31.2635
-30.7433
-30.2231
-29.7029
-29.1827
-28.6625
-28.1423
-27.6221
-27.1019
-26.5816
-26.0614
-25.5412
-25.021
-24.5008
-23.9806
-23.5299
-23.0792
-22.6285
-22.1777
-21.727
-21.2763
-20.8256
-20.3749
-19.9242
-19.4735
-19.0227
-18.572
-18.1213
-17.6706
-17.2199
-16.7692
-16.3185
-15.8677
-15.417
-14.9663
-14.5156
-14.5941
-14.6726
-14.7511
-14.8297
-14.9082
-14.9867
-15.0652
-15.1437
-15.2222
-15.3007
-15.3793
-15.4578
-15.5363
-15.6148
-15.6933
-15.7718
-15.8503
-15.9289
-16.0074
-16.0859
-16.1644
-15.911
-15.6577
-15.4043
-15.1509
-14.8975
-14.6442
-14.3908
-14.1374
-13.8841
-13.6307
-13.3773
-13.1239
-12.8706
-12.6172
-12.3638
-12.1105
-11.8571
-11.6037
-11.3503
-11.097
-10.8436
-11.1289
-11.4143
-11.6996
-11.9849
-12.2703
-12.5556
-12.8409
-13.1263
-13.4116
-13.6969
-13.9823
-14.2676
-14.5529
-14.8383
-15.1236
-15.4089
-15.6943
-15.9796
-16.2649
-16.5503
-16.8356
-18.2359
-19.6362
-21.0364
-22.4367
-23.837
-25.2373
-26.6375
-28.0378
-29.4381
-30.8384
-32.2386
-33.6389
-35.0392
-36.4395
-37.8397
-39.24
-40.6403
-42.0406
-43.4408
-44.8411
-46.2414
-45.5685
-44.8956
-44.2227
-43.5498
-42.8769
-42.2039
-41.531
-40.8581
-40.1852
-39.5123
-38.8394
-38.1665
-37.4936
-36.8207
-36.1478
-35.4748
-34.8019
-34.129
-33.4561
-32.7832
-32.1103
-31.8893
-31.6683
-31.4473
-31.2262
-31.0052
-30.7842
-30.5632
-30.3422
-30.1212
-29.9002
-29.6791
-29.4581
-29.2371
-29.0161
-28.7951
-28.5741
-28.3531
-28.132
-27.911
-27.69
-27.469
-28.3919
-29.3148
-30.2377
-31.1606
-32.0835
-33.0065
-33.9294
-34.8523
-35.7752
-36.6981
-37.621
-38.5439
-39.4668
-40.3897
-41.3126
-42.2356
-43.1585
-44.0814
-45.0043
-45.9272
-46.8501
-47.1042
-47.3583
-47.6123
-47.8664
-48.1205
-48.3746
-48.6287
-48.8827
-49.1368
-49.3909
-49.645
-49.8991
-50.1532
-50.4072
-50.6613
-50.9154
-51.1695
-51.4236
-51.6776
-51.9317
-52.1858
-51.2974
-50.4091
-49.5207
-48.6323
-47.7439
-46.8556
-45.9672
-45.0788
-44.1905
-43.3021
-42.4137
-41.5253
-40.637
-39.7486
-38.8602
-37.9719
-37.0835
-36.1951
-35.3067
-34.4184
-33.53
-33.1045
-32.679
-32.2536
-31.8281
-31.4026
-30.9771
-30.5516
-30.1262
-29.7007
-29.2752
-28.8497
-28.4242
-27.9987
-27.5733
-27.1478
-26.7223
-26.2968
-25.8713
-25.4459
-25.0204
-24.5949
-24.8377
-25.0805
-25.3234
-25.5662
-25.809
-26.0518
-26.2946
-26.5375
-26.7803
-27.0231
-27.2659
-27.5087
-27.7515
-27.9944
-28.2372
-28.48
-28.7228
-28.9656
-29.2085
-29.4513
-29.6941
-29.8823
-30.0706
-30.2588
-30.447
-30.6352
-30.8235
-31.0117
-31.1999
-31.3882
-31.5764
-31.7646
-31.9528
-32.1411
-32.3293
-32.5175
-32.7058
-32.894
-33.0822
-33.2704
-33.4587
-33.6469
-33.0423
-32.4376
-31.833
-31.2283
-30.6237
-30.019
-29.4144
-28.8097
-28.2051
-27.6004
-26.9958
-26.3911
-25.7865
-25.1818
-24.5772
-23.9725
-23.3679
-22.7632
-22.1586
-21.5539
-20.9493
-20.7579
-20.5664
-20.375
-20.1835
-19.9921
-19.8006
-19.6092
-19.4177
-19.2263
-19.0348
-18.8434
-18.6519
-18.4605
-18.269
-18.0776
-17.8861
-17.6947
-17.5032
-17.3118
-17.1203
-16.9289
-16.9836
-17.0383
-17.093
-17.1477
-17.2024
-17.2571
-17.3118
-17.3665
-17.4212
-17.4759
-17.5307
-17.5854
-17.6401
-17.6948
-17.7495
-17.8042
-17.8589
-17.9136
-17.9683
-18.023
-18.0777
-17.8434
-17.6091
-17.3748
-17.1405
-16.9062
-16.6719
-16.4376
-16.2033
-15.969
-15.7347
-15.5004
-15.2661
-15.0318
-14.7975
-14.5632
-14.3289
-14.0946
-13.8603
-13.626
-13.3917
-13.1574
-13.3595
-13.5616
-13.7637
-13.9658
-14.1679
-14.3701
-14.5722
-14.7743
-14.9764
-15.1785
-15.3806
-15.5827
-15.7848
-15.9869
-16.189
-16.3912
-16.5933
-16.7954
-16.9975
-17.1996
-17.4017
-17.8943
-18.387
-18.8796
-19.3723
-19.8649
-20.3576
-20.8502
-21.3428
-21.8355
-22.3281
-22.8208
-23.3134
-23.8061
-24.2987
-24.7913
-25.284
-25.7766
-26.2693
-26.7619
-27.2546
-27.7472
-28.7426
-29.7379
-30.7333
-31.7286
-32.724
-33.7193
-34.7147
-35.71
-36.7054
-37.7007
-38.6961
-39.6914
-40.6868
-41.6821
-42.6775
-43.6728
-44.6682
-45.6635
-46.6589
-47.6542
-48.6496
-47.9309
-47.2122
-46.4935
-45.7748
-45.0561
-44.3375
-43.6188
-42.9001
-42.1814
-41.4627
-40.744
-40.0253
-39.3066
-38.5879
-37.8692
-37.1506
-36.4319
-35.7132
-34.9945
-34.2758
-33.5571
-32.9474
-32.3377
-31.7279
-31.1182
-30.5085
-29.8988
-29.2891
-28.6793
-28.0696
-27.4599
-26.8502
-26.2405
-25.6308
-25.021
-24.4113
-23.8016
-23.1919
-22.5822
-21.9724
-21.3627
-20.753
-21.8103
-22.8676
-23.9249
-24.9822
-26.0395
-27.0968
-28.1541
-29.2114
-30.2687
-31.326
-32.3834
-33.4407
-34.498
-35.5553
-36.6126
-37.6699
-38.7272
-39.7845
-40.8418
-41.8991
-42.9564
-42.7726
-42.5888
-42.4051
-42.2213
-42.0375
-41.8537
-41.67
-41.4862
-41.3024
-41.1186
-40.9349
-40.7511
-40.5673
-40.3835
-40.1998
-40.016
-39.8322
-39.6484
-39.4647
-39.2809
-39.0971
-39.1576
-39.218
-39.2785
-39.3389
-39.3994
-39.4599
-39.5203
-39.5808
-39.6413
-39.7017
-39.7622
-39.8226
-39.8831
-39.9436
-40.004
-40.0645
-40.125
-40.1854
-40.2459
-40.3063
-40.3668
-40.1499
-39.9331
-39.7162
-39.4994
-39.2825
-39.0657
-38.8488
-38.632
-38.4151
-38.1983
-37.9814
-37.7646
-37.5477
-37.3309
-37.114
-36.8972
-36.6803
-36.4635
-36.2466
-36.0298
-35.8129
-35.4832
-35.1536
-34.8239
-34.4942
-34.1646
-33.8349
-33.5052
-33.1756
-32.8459
-32.5162
-32.1866
-31.8569
-31.5272
-31.1976
-30.8679
-30.5382
-30.2086
-29.8789
-29.5492
-29.2196
-28.8899
-28.1198
-27.3498
-26.5797
-25.8097
-25.0396
-24.2695
-23.4995
-22.7294
-21.9593
-21.1893
-20.4192
-19.6492
-18.8791
-18.109
-17.339
-16.5689
-15.7988
-15.0288
-14.2587
-13.4887
-12.7186
-12.8658
-13.013
-13.1602
-13.3073
-13.4545
-13.6017
-13.7489
-13.8961
-14.0433
-14.1905
-14.3376
-14.4848
-14.632
-14.7792
-14.9264
-15.0736
-15.2208
-15.3679
-15.5151
-15.6623
-15.8095
-16.2733
-16.737
-17.2008
-17.6646
-18.1284
-18.5921
-19.0559
-19.5197
-19.9834
-20.4472
-20.911
-21.3748
-21.8385
-22.3023
-22.7661
-23.2298
-23.6936
-24.1574
-24.6212
-25.0849
-25.5487
-24.3827
-23.2167
-22.0508
-20.8848
-19.7188
-18.5528
-17.3869
-16.2209
-15.0549
-13.8889
-12.7229
-11.557
-10.391
-9.225
-8.05902
-6.89304
-5.72706
-4.56109
-3.39511
-2.22913
-1.06315
-0.702923
-0.342697
0.01753
0.377757
0.737983
1.09821
1.45844
1.81866
2.17889
2.53912
2.89934
3.25957
3.6198
3.98002
4.34025
4.70048
5.0607
5.42093
5.78116
6.14138
6.50161
6.61592
6.73023
6.84454
6.95885
7.07316
7.18746
7.30177
7.41608
7.53039
7.6447
7.75901
7.87332
7.98763
8.10194
8.21625
8.33055
8.44486
8.55917
8.67348
8.78779
8.9021
8.8937
8.88531
8.87691
8.86852
8.86012
8.85173
8.84333
8.83494
8.82654
8.81815
8.80975
8.80136
8.79296
8.78457
8.77617
8.76778
8.75938
8.75099
8.74259
8.7342
8.7258
8.71018
8.69456
8.67894
8.66332
8.6477
8.63207
8.61645
8.60083
8.58521
8.56959
8.55397
8.53835
8.52273
8.50711
8.49149
8.47586
8.46024
8.44462
8.429
8.41338
8.39776
8.4067
8.41563
8.42457
8.43351
8.44244
8.45138
8.46032
8.46925
8.47819
8.48713
8.49606
8.505
8.51394
8.52287
8.53181
8.54075
8.54968
8.55862
8.56756
8.57649
8.58543
8.5941
8.60277
8.61144
8.6201
8.62877
8.63744
8.64611
8.65478
8.66345
8.67212
8.68078
8.68945
8.69812
8.70679
8.71546
8.72413
8.7328
8.74146
8.75013
8.7588
8.76747
8.73596
8.70446
8.67295
8.64145
8.60994
8.57844
8.54693
8.51542
8.48392
8.45241
8.42091
8.3894
8.3579
8.32639
8.29488
8.26338
8.23187
8.20037
8.16886
8.13736
8.10585
8.06545
8.02646
7.98899
7.95202
7.915
7.87712
7.8359
7.7885
7.74558
7.70814
7.63393
7.55969
7.51664
7.42774
