-20.3712
-20.3322
-20.2954
-20.2607
-20.2282
-20.1978
-20.1695
-20.1433
-20.1192
-20.0971
-20.077
-20.059
-20.0429
-20.0287
-20.0165
-20.0062
-19.9978
-19.9912
-19.9865
-19.9837
-19.9826
-19.9833
-19.9733
-19.9427
-19.8952
-19.8345
-19.7645
-19.6889
-19.6114
-19.5359
-19.466
-19.4056
-19.3583
-19.328
-19.3184
-19.3332
-19.3763
-19.4514
-19.5622
-19.7125
-19.906
-20.1466
-20.438
-20.7931
-21.218
-21.7055
-22.2489
-22.8413
-23.4757
-24.1452
-24.843
-25.562
-26.2955
-27.0365
-27.7781
-28.5134
-29.2355
-29.9374
-30.6123
-31.2533
-31.8535
-32.4059
-32.9037
-33.3399
-33.7426
-34.1424
-34.5366
-34.9221
-35.2962
-35.6559
-35.9984
-36.3208
-36.6201
-36.8936
-37.1383
-37.3514
-37.53
-37.6711
-37.772
-37.8296
-37.8413
-37.804
-37.7148
-37.571
-37.3696
-37.1053
-36.7772
-36.3893
-35.9454
-35.4496
-34.9056
-34.3174
-33.689
-33.0241
-32.3268
-31.6009
-30.8504
-30.0791
-29.291
-28.49
-27.6799
-26.8648
-26.0484
-25.2348
-24.4278
-23.6313
-22.7962
-21.8786
-20.89
-19.8421
-18.7464
-17.6146
-16.4583
-15.289
-14.1184
-12.9581
-11.8197
-10.7148
-9.65499
-8.6519
-7.71713
-6.86229
-6.09899
-5.43882
-4.89339
-4.47432
-4.1932
-4.0507
-4.0334
-4.13183
-4.3365
-4.63794
-5.02665
-5.49317
-6.02801
-6.62169
-7.26472
-7.94763
-8.66094
-9.39516
-10.1408
-10.8884
-11.6285
-12.3515
-13.0481
-13.7087
-14.3238
-14.884
-15.4581
-16.1125
-16.8341
-17.6099
-18.4269
-19.2719
-20.132
-20.994
-21.8448
-22.6715
-23.461
-24.2002
-24.8761
-25.4755
-25.9854
-26.3929
-26.6847
-26.8479
-26.8693
-26.736
-26.4349
-25.9315
-25.2139
-24.303
-23.2195
-21.9841
-20.6178
-19.1412
-17.5751
-15.9403
-14.2576
-12.5478
-10.8316
-9.12986
-7.46331
-5.85276
-4.31896
-2.88272
-1.5648
-0.38598
0.632952
1.47122
2.20521
2.92098
3.61223
4.27266
4.89599
5.47592
6.00616
6.48041
6.89238
7.23578
7.50431
7.69169
7.79161
7.79778
7.70392
7.50372
7.1909
6.75916
6.20221
5.51375
4.68749
3.647
2.33868
0.790504
-0.969573
-2.91358
-5.01356
-7.24154
-9.56956
-11.9697
-14.4139
-16.8742
-19.3227
-21.7315
-24.0725
-26.3178
-28.4394
-30.4094
-32.1997
-33.7825
-35.1297
-36.2135
-37.0731
-37.7737
-38.3258
-38.7399
-39.0266
-39.1965
-39.2601
-39.228
-39.1108
-38.9189
-38.6631
-38.3537
-38.0014
-37.6168
-37.2103
-36.7926
-36.3742
-35.9657
-35.5776
-35.2206
-34.905
-34.5909
-34.2334
-33.8362
-33.4029
-32.937
-32.4421
-31.9218
-31.3797
-30.8194
-30.2444
-29.6584
-29.065
-28.4677
-27.8701
-27.2758
-26.6885
-26.1116
-25.5487
-25.0036
-24.4797
-23.9806
-23.4864
-22.9767
-22.4547
-21.9234
-21.3862
-20.8459
-20.3059
-19.7691
-19.2388
-18.7181
-18.21
-17.7178
-17.2445
-16.7933
-16.3673
-15.9696
-15.6034
-15.2717
-14.9778
-14.7247
-14.5156
-14.3616
-14.268
-14.2289
-14.2384
-14.2906
-14.3798
-14.5001
-14.6455
-14.8103
-14.9886
-15.1745
-15.3622
-15.5458
-15.7194
-15.8773
-16.0135
-16.1221
-16.1974
-16.2334
-16.2244
-16.1644
-16.0493
-15.8829
-15.6711
-15.4198
-15.1349
-14.8223
-14.4881
-14.138
-13.7781
-13.4141
-13.0522
-12.6981
-12.3579
-12.0373
-11.7425
-11.4792
-11.2534
-11.071
-10.938
-10.8602
-10.8436
-10.8593
-10.8772
-10.9011
-10.935
-10.9828
-11.0484
-11.1358
-11.2488
-11.3913
-11.5674
-11.7808
-12.0356
-12.3357
-12.6849
-13.0872
-13.5466
-14.0668
-14.6519
-15.3058
-16.0324
-16.8356
-17.7772
-18.9021
-20.1885
-21.6147
-23.1591
-24.8
-26.5157
-28.2844
-30.0845
-31.8944
-33.6923
-35.4565
-37.1654
-38.7972
-40.3304
-41.7431
-43.0137
-44.1205
-45.0419
-45.7561
-46.2414
-46.4985
-46.5537
-46.4244
-46.1276
-45.6806
-45.1005
-44.4045
-43.6098
-42.7335
-41.7929
-40.8051
-39.7872
-38.7565
-37.7302
-36.7254
-35.7593
-34.849
-34.0118
-33.2648
-32.6253
-32.1103
-31.6584
-31.1998
-30.7391
-30.2812
-29.8306
-29.3922
-28.9705
-28.5704
-28.1965
-27.8535
-27.5462
-27.2793
-27.0573
-26.8852
-26.7675
-26.709
-26.7144
-26.7884
-26.9357
-27.161
-27.469
-27.8883
-28.436
-29.0999
-29.8676
-30.7268
-31.665
-32.6701
-33.7297
-34.8314
-35.9629
-37.1119
-38.266
-39.413
-40.5404
-41.636
-42.6874
-43.6823
-44.6083
-45.4532
-46.2046
-46.8501
-47.4334
-48.0042
-48.5593
-49.0953
-49.6093
-50.0978
-50.5576
-50.9857
-51.3786
-51.7333
-52.0464
-52.3149
-52.5353
-52.7046
-52.8195
-52.8767
-52.8731
-52.8054
-52.6705
-52.465
-52.1858
-51.8051
-51.3044
-50.6947
-49.9869
-49.192
-48.3208
-47.3843
-46.3934
-45.359
-44.2921
-43.2035
-42.1042
-41.0051
-39.9171
-38.8512
-37.8182
-36.8291
-35.8948
-35.0263
-34.2343
-33.53
-32.8794
-32.2425
-31.6207
-31.0153
-30.4277
-29.8594
-29.3118
-28.7862
-28.284
-27.8067
-27.3556
-26.9321
-26.5377
-26.1737
-25.8415
-25.5425
-25.2782
-25.0498
-24.8589
-24.7068
-24.5949
-24.5359
-24.5382
-24.5969
-24.7071
-24.8639
-25.0623
-25.2975
-25.5645
-25.8584
-26.1743
-26.5073
-26.8524
-27.2048
-27.5595
-27.9116
-28.2561
-28.5883
-28.9031
-29.1956
-29.4609
-29.6941
-29.9251
-30.1836
-30.4646
-30.7631
-31.074
-31.3925
-31.7133
-32.0315
-32.3422
-32.6401
-32.9204
-33.178
-33.408
-33.6051
-33.7645
-33.8812
-33.95
-33.966
-33.9242
-33.8195
-33.6469
-33.3925
-33.051
-32.6308
-32.1401
-31.5869
-30.9796
-30.3264
-29.6353
-28.9148
-28.1728
-27.4178
-26.6578
-25.901
-25.1558
-24.4302
-23.7325
-23.0708
-22.4535
-21.8887
-21.3845
-20.9493
-20.5649
-20.207
-19.8744
-19.566
-19.2808
-19.0175
-18.775
-18.5521
-18.3479
-18.161
-17.9904
-17.8349
-17.6934
-17.5648
-17.4478
-17.3415
-17.2446
-17.1561
-17.0747
-16.9993
-16.9289
-16.8785
-16.8617
-16.8748
-16.9142
-16.9763
-17.0573
-17.1537
-17.2618
-17.378
-17.4987
-17.6201
-17.7387
-17.8509
-17.9529
-18.0411
-18.112
-18.1618
-18.1869
-18.1837
-18.1485
-18.0777
-17.9646
-17.8081
-17.6131
-17.3847
-17.1277
-16.8471
-16.5477
-16.2346
-15.9127
-15.5869
-15.2621
-14.9433
-14.6355
-14.3434
-14.0722
-13.8266
-13.6117
-13.4324
-13.2937
-13.2003
-13.1574
-13.155
-13.1793
-13.2294
-13.3043
-13.4028
-13.5242
-13.6673
-13.8312
-14.015
-14.2174
-14.4378
-14.6749
-14.9278
-15.1956
-15.4772
-15.7716
-16.0779
-16.395
-16.722
-17.0579
-17.4017
-17.7512
-18.1058
-18.4671
-18.8365
-19.2153
-19.6051
-20.0073
-20.4233
-20.8546
-21.3026
-21.7688
-22.2546
-22.7614
-23.2907
-23.844
-24.4227
-25.0282
-25.6619
-26.3254
-27.02
-27.7472
-28.5534
-29.4741
-30.4941
-31.5983
-32.7717
-33.9993
-35.2658
-36.5563
-37.8556
-39.1488
-40.4206
-41.656
-42.84
-43.9574
-44.9932
-45.9324
-46.7597
-47.4602
-48.0187
-48.4202
-48.6496
-48.7058
-48.6059
-48.3625
-47.9878
-47.4942
-46.8943
-46.2003
-45.4247
-44.5799
-43.6783
-42.7322
-41.7541
-40.7565
-39.7516
-38.7519
-37.7698
-36.8176
-35.9079
-35.053
-34.2652
-33.5571
-32.8602
-32.1048
-31.3017
-30.4613
-29.5943
-28.7114
-27.823
-26.9398
-26.0724
-25.2314
-24.4273
-23.6709
-22.9726
-22.3431
-21.793
-21.3329
-20.9734
-20.725
-20.5984
-20.6042
-20.753
-21.0824
-21.6099
-22.3157
-23.1801
-24.1831
-25.3051
-26.5263
-27.8268
-29.187
-30.5869
-32.0069
-33.4272
-34.8279
-36.1893
-37.4916
-38.715
-39.8397
-40.846
-41.7141
-42.4241
-42.9564
-43.3299
-43.5837
-43.7279
-43.7726
-43.7279
-43.6038
-43.4106
-43.1582
-42.8569
-42.5166
-42.1476
-41.7599
-41.3636
-40.9689
-40.5858
-40.2244
-39.8948
-39.6072
-39.3717
-39.1983
-39.0971
-39.0531
-39.042
-39.0603
-39.1044
-39.1707
-39.2558
-39.3561
-39.468
-39.588
-39.7125
-39.838
-39.961
-40.0778
-40.185
-40.279
-40.3562
-40.4131
-40.4462
-40.4518
-40.4266
-40.3668
-40.2783
-40.1698
-40.0426
-39.8976
-39.7362
-39.5592
-39.368
-39.1635
-38.9469
-38.7194
-38.482
-38.236
-37.9822
-37.722
-37.4565
-37.1866
-36.9137
-36.6387
-36.3628
-36.0872
-35.8129
-35.5444
-35.2839
-35.0291
-34.7779
-34.528
-34.2772
-34.0233
-33.7639
-33.497
-33.2202
-32.9314
-32.6283
-32.3087
-31.9704
-31.611
-31.2285
-30.8206
-30.385
-29.9195
-29.4219
-28.8899
-28.2988
-27.6312
-26.8966
-26.104
-25.2627
-24.382
-23.4711
-22.5392
-21.5956
-20.6495
-19.7101
-18.7867
-17.8885
-17.0247
-16.2047
-15.4375
-14.7325
-14.0988
-13.5458
-13.0827
-12.7186
-12.4426
-12.2348
-12.0912
-12.0075
-11.9798
-12.0039
-12.0758
-12.1914
-12.3466
-12.5373
-12.7594
-13.0088
-13.2815
-13.5733
-13.8802
-14.1981
-14.523
-14.8506
-15.1769
-15.4979
-15.8095
-16.1667
-16.6183
-17.1513
-17.7522
-18.408
-19.1054
-19.831
-20.5717
-21.3143
-22.0455
-22.752
-23.4206
-24.0381
-24.5912
-25.0668
-25.4514
-25.732
-25.8953
-25.928
-25.8169
-25.5487
-25.1036
-24.4814
-23.6988
-22.7723
-21.7186
-20.554
-19.2953
-17.959
-16.5617
-15.1198
-13.6501
-12.169
-10.6932
-9.23919
-7.82353
-6.46281
-5.1736
-3.97246
-2.87596
-1.90066
-1.06315
-0.331927
0.338077
0.95067
1.50966
2.01886
2.48207
2.9031
3.28576
3.63386
3.95121
4.24162
4.50889
4.75683
4.98926
5.20997
5.42278
5.6315
5.83994
6.05189
6.27118
6.50161
6.73023
6.94211
7.13809
7.319
7.48569
7.63899
7.77975
7.90879
8.02696
8.1351
8.23405
8.32463
8.4077
8.48408
8.55462
8.62016
8.68153
8.73957
8.79512
8.84902
8.9021
8.94952
8.98638
9.01347
9.03157
9.04148
9.04397
9.03983
9.02985
9.01481
8.9955
8.9727
8.9472
8.91979
8.89124
8.86236
8.83391
8.80669
8.78149
8.75908
8.74025
8.7258
8.7129
8.69836
8.68239
8.66521
8.64704
8.6281
8.60859
8.58874
8.56877
8.54888
8.52929
8.51023
8.4919
8.47453
8.45832
8.4435
8.43029
8.41889
8.40952
8.40241
8.39776
8.39557
8.39555
8.39756
8.4014
8.40693
8.41396
8.42232
8.43186
8.4424
8.45377
8.4658
8.47833
8.49118
8.50419
8.51719
8.53
8.54246
8.5544
8.56566
8.57606
8.58543
8.59513
8.60645
8.61911
8.63285
8.64738
8.66245
8.67777
8.69309
8.70811
8.72259
8.73623
8.74878
8.75996
8.76949
8.77711
8.78255
8.78553
8.78579
8.78304
8.77703
8.76747
8.75458
8.73884
8.72041
8.69945
8.67611
8.65054
8.62291
8.59336
8.56206
8.52915
8.4948
8.45915
8.42237
8.38461
8.34602
8.30676
8.26699
8.22685
8.18652
8.14613
8.10585
8.06545
8.02646
7.98899
7.95202
7.915
7.87712
7.8359
7.7885
7.74558
7.70814
7.63393
7.55969
7.51664
7.42774
