-20.3712
-19.8931
-19.9526
-19.9756
-19.998
-20.01
-20.0318
-20.0366
-20.034
-20.0257
-20.0153
-20.0058
-20.0006
-20.0009
-20.0056
-20.0125
-20.0183
-20.02
-20.016
-20.0069
-19.9949
-19.9833
-19.9754
-19.9734
-19.978
-19.9891
-20.005
-20.0241
-20.0441
-20.0631
-20.0794
-20.0916
-20.0993
-20.1023
-20.102
-20.1012
-20.1041
-20.1154
-20.1394
-20.1805
-20.2421
-20.3268
-20.438
-20.5794
-20.7562
-20.9746
-21.242
-21.5665
-21.9549
-22.4128
-22.9434
-23.5463
-24.2177
-24.9511
-25.7374
-26.5654
-27.4227
-28.2975
-29.1782
-30.0545
-30.9172
-31.7573
-32.5672
-33.3399
-34.0689
-34.7498
-35.3785
-36.028
-36.716
-37.4801
-38.3353
-39.2532
-40.1603
-40.9532
-41.5266
-41.808
-41.6928
-41.2921
-40.6825
-39.9712
-39.2669
-38.6442
-38.1326
-37.7199
-37.3696
-37.0647
-36.7331
-36.378
-36.0014
-35.6027
-35.1801
-34.7279
-34.2396
-33.7083
-33.1281
-32.4955
-31.8094
-31.0693
-30.2755
-29.4298
-28.5358
-27.5991
-26.6291
-25.6374
-24.6351
-23.6313
-22.6317
-21.6348
-20.6329
-19.6136
-18.5623
-17.4648
-16.2594
-14.991
-13.6235
-12.2543
-10.8685
-9.57263
-8.4358
-7.43216
-6.60537
-5.93263
-5.42122
-4.96951
-4.63215
-4.38193
-4.1932
-4.04444
-3.91887
-3.80846
-3.71946
-3.67297
-3.70186
-3.84397
-4.13555
-4.60106
-5.24608
-6.05405
-6.98791
-7.99638
-9.02603
-10.0323
-10.9879
-11.8814
-12.7129
-13.4881
-14.2119
-14.884
-15.5019
-16.0634
-16.5721
-17.0423
-17.4997
-17.9794
-18.5153
-19.1326
-19.8416
-20.6335
-21.4824
-22.3525
-23.2031
-23.995
-24.6979
-25.2913
-25.7647
-26.114
-26.3406
-26.4473
-26.4349
-26.3005
-26.0373
-25.6301
-25.0606
-24.3093
-23.3607
-22.207
-20.8532
-19.3192
-17.6361
-15.8409
-13.9707
-12.0597
-10.1363
-8.2262
-6.35389
-4.54551
-2.8292
-1.2352
0.207298
1.47122
2.55035
3.45312
4.2023
4.82645
5.35255
5.80143
6.18877
6.52641
6.82419
7.08743
7.31948
7.51681
7.67024
7.76387
7.77373
7.67108
7.42444
7.00741
6.40854
5.62906
4.68749
3.60755
2.41425
1.1303
-0.214624
-1.60913
-3.04991
-4.54399
-6.10447
-7.75281
-9.512
-11.404
-13.4467
-15.6485
-18.0071
-20.5097
-23.1294
-25.827
-28.5518
-31.2414
-33.8219
-36.2135
-38.3356
-40.118
-41.5098
-42.4899
-43.0714
-43.2989
-43.2429
-42.9882
-42.6148
-42.1871
-41.744
-41.2979
-40.8391
-40.3441
-39.7934
-39.1673
-38.4572
-37.6644
-36.798
-35.8723
-34.905
-33.9162
-32.9292
-31.9602
-31.0371
-30.1777
-29.3955
-28.6958
-28.0769
-27.531
-27.0457
-26.6086
-26.2128
-25.8506
-25.523
-25.233
-24.9827
-24.7687
-24.5811
-24.4032
-24.212
-23.9806
-23.683
-23.2988
-22.8143
-22.2267
-21.5436
-20.7818
-19.9642
-19.1178
-18.2714
-17.4534
-16.6905
-16.0069
-15.422
-14.9497
-14.5963
-14.3607
-14.2354
-14.2065
-14.2566
-14.366
-14.5156
-14.6874
-14.8666
-15.0419
-15.2064
-15.3547
-15.4877
-15.6087
-15.7249
-15.846
-15.983
-16.1448
-16.3346
-16.5467
-16.7654
-16.9631
-17.107
-17.1631
-17.1033
-16.9135
-16.5947
-16.1644
-15.6487
-15.0754
-14.4692
-13.8465
-13.2302
-12.6403
-12.099
-11.6927
-11.4512
-11.4075
-11.5626
-11.879
-12.287
-12.6834
-12.9705
-13.0881
-12.9672
-12.6446
-12.1521
-11.5366
-10.8436
-10.1091
-9.36632
-8.64165
-7.94588
-7.30604
-6.74748
-6.2926
-5.9456
-5.72399
-5.63653
-5.69393
-5.91172
-6.30837
-6.91857
-7.75576
-8.8204
-10.11
-11.5833
-13.2137
-14.9724
-16.8356
-18.7881
-20.8115
-22.906
-25.0663
-27.2782
-29.5192
-31.7571
-33.9572
-36.0832
-38.0999
-39.9762
-41.6806
-43.1852
-44.4655
-45.5006
-46.2761
-46.784
-47.0233
-47.0002
-46.7307
-46.2414
-45.5697
-44.764
-43.8795
-42.9735
-42.097
-41.287
-40.561
-39.9157
-39.3306
-38.7779
-38.2298
-37.6657
-37.074
-36.4523
-35.806
-35.1456
-34.4846
-33.8385
-33.221
-32.6432
-32.1103
-31.6216
-31.1698
-30.7422
-30.3239
-29.9022
-29.4703
-29.0308
-28.5956
-28.184
-27.8181
-27.5188
-27.2996
-27.1645
-27.1063
-27.1095
-27.1529
-27.2143
-27.2767
-27.3328
-27.3894
-27.469
-27.6075
-27.8482
-28.2328
-28.793
-29.5424
-30.4725
-31.5534
-32.7392
-33.9756
-35.2096
-36.3981
-37.5141
-38.5495
-39.5144
-40.4339
-41.343
-42.2801
-43.2811
-44.3718
-45.5638
-46.8501
-48.2059
-49.5926
-50.9628
-52.2685
-53.4658
-54.5209
-55.4108
-56.1235
-56.656
-57.0118
-57.1981
-57.2248
-57.1024
-56.8438
-56.4621
-55.971
-55.3828
-54.7056
-53.9451
-53.1042
-52.1858
-51.1945
-50.1382
-49.03
-47.8873
-46.7311
-45.585
-44.4703
-43.4052
-42.402
-41.4664
-40.5973
-39.7878
-39.0274
-38.3036
-37.604
-36.9189
-36.2411
-35.5655
-34.889
-34.2104
-33.53
-32.85
-32.1754
-31.5133
-30.8716
-30.2586
-29.682
-29.1462
-28.6519
-28.1965
-27.774
-27.3775
-27.0004
-26.6401
-26.2965
-25.9732
-25.6756
-25.4084
-25.1723
-24.9635
-24.7741
-24.5949
-24.419
-24.2481
-24.0931
-23.977
-23.9308
-23.9879
-24.1735
-24.4995
-24.9581
-25.5215
-26.1451
-26.7777
-27.3705
-27.8863
-28.3069
-28.6343
-28.8864
-29.0913
-29.2788
-29.4749
-29.6941
-29.9392
-30.2035
-30.4727
-30.7314
-30.9681
-31.1799
-31.372
-31.558
-31.7559
-31.9831
-32.2502
-32.5567
-32.8899
-33.2255
-33.5309
-33.7756
-33.9346
-33.9953
-33.9582
-33.8354
-33.6469
-33.4122
-33.1471
-32.8599
-32.5487
-32.2064
-31.8215
-31.3826
-30.8797
-30.3062
-29.6604
-28.9446
-28.166
-27.3368
-26.473
-25.5941
-24.721
-23.8733
-23.0667
-22.3098
-21.6053
-20.9493
-20.3341
-19.7516
-19.1959
-18.6657
-18.1663
-17.7082
-17.3059
-16.9731
-16.7207
-16.5532
-16.4666
-16.4501
-16.4861
-16.5543
-16.6345
-16.7102
-16.7721
-16.8179
-16.8523
-16.8853
-16.9289
-16.9939
-17.088
-17.2138
-17.3687
-17.5457
-17.7349
-17.9255
-18.1065
-18.2687
-18.4046
-18.5098
-18.5822
-18.6236
-18.6372
-18.627
-18.5958
-18.5446
-18.4709
-18.3712
-18.2409
-18.0777
-17.8818
-17.6594
-17.4206
-17.1783
-16.9443
-16.7275
-16.5296
-16.3459
-16.1656
-15.9745
-15.7581
-15.5055
-15.2127
-14.883
-14.5282
-14.1679
-13.8265
-13.5317
-13.309
-13.1798
-13.1574
-13.2442
-13.4318
-13.7011
-14.0262
-14.3798
-14.7374
-15.1177
-15.5324
-15.9994
-16.5315
-17.1248
-17.7526
-18.3663
-18.9052
-19.3038
-19.4954
-19.4618
-19.2049
-18.7471
-18.1288
-17.4017
-16.6214
-15.8383
-15.0999
-14.4296
-13.849
-13.3734
-13.0183
-12.803
-12.7526
-12.8959
-13.2611
-13.867
-14.7282
-15.8387
-17.1801
-18.7221
-20.4264
-22.2319
-24.0846
-25.9355
-27.7472
-29.4917
-31.1772
-32.6211
-34.2029
-35.7392
-37.2228
-38.6408
-39.9753
-41.2183
-42.375
-43.4629
-44.502
-45.5016
-46.4501
-47.3111
-48.0233
-48.5526
-48.9526
-49.0508
-48.9381
-48.6496
-48.2059
-47.639
-46.9781
-46.2469
-45.4651
-44.65
-43.8175
-42.9929
-42.1825
-41.283
-40.538
-39.8261
-39.138
-38.4664
-37.7973
-37.1197
-36.426
-35.7161
-34.9956
-34.2732
-33.5571
-32.8528
-32.1609
-31.4761
-30.7896
-30.1323
-29.4642
-28.8811
-28.1668
-27.4227
-26.5645
-25.6506
-24.6832
-23.6694
-22.6267
-21.5963
-20.6687
-19.9695
-19.7276
-19.9196
-20.2948
-20.753
-21.2392
-21.7523
-22.3207
-22.9872
-23.7988
-24.7957
-26.0011
-27.4112
-28.9459
-30.5948
-32.2229
-33.8861
-35.5546
-36.9621
-38.1764
-39.1835
-40.0512
-40.8286
-41.5585
-42.2666
-42.9564
-43.6124
-44.209
-44.7216
-45.1372
-45.4598
-45.7037
-45.8908
-46.0408
-46.1632
-46.2521
-46.2864
-46.2336
-46.056
-45.7192
-45.2023
-44.4994
-43.6245
-42.6069
-41.4856
-40.3025
-39.0971
-37.9058
-36.7625
-35.7024
-34.7552
-33.9398
-33.3244
-32.9625
-32.9052
-33.1815
-33.7892
-34.6775
-35.7456
-36.872
-37.9382
-38.7855
-39.379
-39.7375
-39.9323
-40.0489
-40.1739
-40.3668
-40.6427
-40.9819
-41.3624
-41.7212
-42.0209
-42.2437
-42.3883
-42.4543
-42.4405
-42.3437
-42.1582
-41.8766
-41.491
-40.9965
-40.395
-39.698
-38.9279
-38.1174
-37.3045
-36.5259
-35.8129
-35.1876
-34.6601
-34.2285
-33.8801
-33.5962
-33.3569
-33.1454
-32.9495
-32.7607
-32.5732
-32.3812
-32.1783
-31.9578
-31.713
-31.4373
-31.1251
-30.7718
-30.3742
-29.9288
-29.4341
-28.8899
-28.298
-27.6614
-26.9847
-26.2205
-25.4249
-24.5147
-23.6574
-22.7616
-21.872
-20.9345
-19.9501
-18.926
-17.8771
-16.8275
-15.8107
-14.8682
-14.0463
-13.3883
-12.9249
-12.7319
-12.7186
-12.8618
-13.0336
-13.192
-13.2124
-13.1178
-12.8898
-12.5359
-12.0853
-11.5835
-11.0872
-10.6592
-10.3608
-10.2432
-10.3416
-10.669
-11.2155
-11.9503
-12.8295
-13.8042
-14.829
-15.8095
-16.776
-17.6457
-18.5274
-19.3584
-20.1926
-20.9792
-21.7226
-22.4263
-23.0907
-23.7115
-24.3354
-24.8943
-25.5008
-25.8938
-26.182
-26.3122
-26.335
-26.258
-26.0934
-25.8538
-25.5487
-25.182
-24.7507
-24.2453
-23.6523
-22.958
-22.1514
-21.2271
-20.1871
-19.0403
-17.8009
-16.4847
-15.1056
-13.673
-12.1913
-10.6612
-9.08453
-7.46817
-5.82806
-4.19058
-2.58535
-1.06315
0.336944
1.57791
2.62858
3.46697
4.08291
4.48127
4.68421
4.72994
4.66619
4.54223
4.40237
4.28198
4.2055
4.18757
4.23434
4.34706
4.52558
4.77241
5.09982
5.55056
6.50161
6.65309
6.65699
6.70887
6.812
6.96532
7.16311
7.39583
7.65059
7.91248
8.16615
8.3969
8.5928
8.74648
8.85555
8.92284
8.95506
8.96161
8.95232
8.93569
8.91786
8.9021
8.88911
8.87811
8.86737
8.85516
8.84067
8.82369
8.80467
8.78459
8.76462
8.74568
8.72865
8.7143
8.70303
8.69513
8.69094
8.69045
8.69342
8.69963
8.70812
8.71747
8.7258
8.73057
8.72965
8.72107
8.70391
8.67841
8.64614
8.60966
8.5722
8.53675
8.5057
8.48038
8.46116
8.44738
8.43777
8.43092
8.42537
8.4202
8.41483
8.40918
8.40339
8.39776
8.39245
8.38788
8.38405
8.38106
8.37884
8.37739
8.37684
8.37756
8.38013
8.38506
8.39295
8.40432
8.41926
8.43757
8.45864
8.48158
8.50526
8.52852
8.55028
8.5695
8.58543
8.59752
8.60555
8.60968
8.61069
8.60981
8.6086
8.60896
8.61246
8.6202
8.6324
8.64842
8.66706
8.68648
8.705
8.72118
8.73426
8.74417
8.75142
8.75687
8.76183
8.76747
8.77476
8.78438
8.79663
8.81127
8.82766
8.84486
8.86202
8.87836
8.89339
8.90726
8.92027
8.93328
8.64339
8.50091
8.40719
8.33749
8.28183
8.23382
8.18965
8.1472
8.10585
8.06545
8.02646
7.98899
7.95202
7.915
7.87712
7.8359
7.7885
7.74558
7.70814
7.63393
7.55969
7.51664
7.42774
