-3.05774
-3.03453
-3.01132
-2.98811
-2.9649
-2.94169
-2.91849
-2.89528
-2.87207
-2.84886
-2.82565
-2.80244
-2.77923
-2.75602
-2.73281
-2.7096
-2.6864
-2.66319
-2.63998
-2.61677
-2.59356
-2.57035
-2.54203
-2.5137
-2.48538
-2.45705
-2.42873
-2.40041
-2.37208
-2.34376
-2.31544
-2.28711
-2.25879
-2.23046
-2.20214
-2.17382
-2.14549
-2.11717
-2.08885
-2.06052
-2.0322
-2.00387
-1.97555
-2.04329
-2.11103
-2.17876
-2.2465
-2.31424
-2.38198
-2.44972
-2.51745
-2.58519
-2.65293
-2.72067
-2.78841
-2.85615
-2.92388
-2.99162
-3.05936
-3.1271
-3.19484
-3.26257
-3.33031
-3.39805
-3.53586
-3.67366
-3.81147
-3.94927
-4.08708
-4.22489
-4.36269
-4.5005
-4.63831
-4.77611
-4.91392
-5.05172
-5.18953
-5.32734
-5.46514
-5.60295
-5.74076
-5.87856
-6.01637
-6.15417
-6.29198
-6.13684
-5.98169
-5.82655
-5.67141
-5.51626
-5.36112
-5.20598
-5.05083
-4.89569
-4.74055
-4.5854
-4.43026
-4.27512
-4.11997
-3.96483
-3.80969
-3.65454
-3.4994
-3.34426
-3.18911
-3.03397
-2.7973
-2.56062
-2.32395
-2.08727
-1.8506
-1.61393
-1.37725
-1.14058
-0.903906
-0.667232
-0.430558
-0.193884
0.0427895
0.279463
0.516137
0.752811
0.989485
1.22616
1.46283
1.69951
1.93618
1.95608
1.97598
1.99587
2.01577
2.03567
2.05557
2.07547
2.09536
2.11526
2.13516
2.15506
2.17496
2.19486
2.21475
2.23465
2.25455
2.27445
2.29435
2.31424
2.33414
2.35404
2.30939
2.26474
2.22009
2.17544
2.13079
2.08615
2.0415
1.99685
1.9522
1.90755
1.8629
1.81825
1.7736
1.72895
1.6843
1.63966
1.59501
1.55036
1.50571
1.46106
1.41641
1.56364
1.71086
1.85809
2.00531
2.15254
2.29976
2.44699
2.59422
2.74144
2.88867
3.03589
3.18312
3.33034
3.47757
3.6248
3.77202
3.91925
4.06647
4.2137
4.36092
4.50815
4.52114
4.53414
4.54713
4.56012
4.57311
4.58611
4.5991
4.61209
4.62509
4.63808
4.65107
4.66406
4.67706
4.69005
4.70304
4.71604
4.72903
4.74202
4.75501
4.76801
4.781
4.25383
3.72666
3.1995
2.67233
2.14516
1.61799
1.09082
0.563655
0.0364871
-0.490681
-1.01785
-1.54502
-2.07219
-2.59935
-3.12652
-3.65369
-4.18086
-4.70803
-5.23519
-5.76236
-6.28953
-6.02663
-5.76374
-5.50084
-5.23794
-4.97505
-4.71215
-4.44925
-4.18636
-3.92346
-3.66056
-3.39767
-3.13477
-2.87187
-2.60898
-2.34608
-2.08318
-1.82029
-1.55739
-1.29449
-1.0316
-0.768699
0.289496
1.34769
2.40589
3.46408
4.52228
5.58047
6.63867
7.69686
8.75506
9.81325
10.8714
11.9296
12.9878
14.046
15.1042
16.1624
17.2206
18.2788
19.337
20.3952
21.4534
22.3032
23.1529
24.0027
24.8524
25.7022
26.5519
27.4017
28.2515
29.1012
29.951
30.8007
31.6505
32.5002
33.35
34.1998
35.0495
35.8993
36.749
37.5988
38.4485
39.2983
37.9642
36.6302
35.2961
33.9621
32.628
31.294
29.9599
28.6259
27.2918
25.9578
24.6237
23.2897
21.9556
20.6216
19.2875
17.9535
16.6194
15.2854
13.9513
12.6173
11.2832
11.0348
10.7864
10.5381
10.2897
10.0413
9.79291
9.54452
9.29614
9.04776
8.79938
8.55099
8.30261
8.05423
7.80585
7.55746
7.30908
7.0607
6.81232
6.56393
6.31555
6.06717
5.62764
5.18811
4.74858
4.30905
3.86952
3.42999
2.99046
2.55093
2.1114
1.67187
1.23235
0.792816
0.353286
-0.0862433
-0.525773
-0.965302
-1.40483
-1.84436
-2.28389
-2.72342
-3.16295
-3.33743
-3.51192
-3.6864
-3.86088
-4.03537
-4.20985
-4.38433
-4.55882
-4.7333
-4.90778
-5.08227
-5.25675
-5.43123
-5.60572
-5.7802
-5.95468
-6.12917
-6.30365
-6.47813
-6.65262
-6.8271
-6.74755
-6.668
-6.58845
-6.5089
-6.42935
-6.34981
-6.27026
-6.19071
-6.11116
-6.03161
-5.95206
-5.87251
-5.79296
-5.71341
-5.63386
-5.55432
-5.47477
-5.39522
-5.31567
-5.23612
-5.15657
-5.13886
-5.12114
-5.10343
-5.08571
-5.068
-5.05028
-5.03257
-5.01486
-4.99714
-4.97943
-4.96171
-4.944
-4.92628
-4.90857
-4.89086
-4.87314
-4.85543
-4.83771
-4.82
-4.80228
-4.78457
-5.2016
-5.61864
-6.03567
-6.45271
-6.86974
-7.28678
-7.70381
-8.12085
-8.53788
-8.95492
-9.37195
-9.78899
-10.206
-10.6231
-11.0401
-11.4571
-11.8742
-12.2912
-12.7082
-13.1253
-13.5423
-13.5243
-13.5063
-13.4884
-13.4704
-13.4524
-13.4344
-13.4165
-13.3985
-13.3805
-13.3625
-13.3446
-13.3266
-13.3086
-13.2906
-13.2727
-13.2547
-13.2367
-13.2187
-13.2008
-13.1828
-13.1648
-12.6638
-12.1629
-11.6619
-11.1609
-10.66
-10.159
-9.65803
-9.15707
-8.6561
-8.15513
-7.65417
-7.1532
-6.65223
-6.15127
-5.6503
-5.14933
-4.64837
-4.1474
-3.64643
-3.14547
-2.6445
-10.4341
-18.2238
-26.0134
-33.8031
-41.5927
-49.3824
-57.172
-64.9616
-72.7513
-80.5409
-88.3306
-96.1202
-103.91
-111.7
-119.489
-127.279
-135.068
-142.858
-150.648
-158.437
-166.227
-166.822
-167.416
-168.011
-168.605
-169.2
-169.794
-170.389
-170.983
-171.578
-172.172
-172.767
-173.361
-173.956
-174.55
-175.145
-175.739
-176.334
-176.928
-177.523
-178.117
-178.712
-178.91
-179.108
-179.306
-179.504
-179.702
-179.899
-180.097
-180.295
-180.493
-180.691
-180.889
-181.087
-181.285
-181.483
-181.681
-181.878
-182.076
-182.274
-182.472
-182.67
-182.868
-182.686
-182.504
-182.323
-182.141
-181.959
-181.777
-181.595
-181.414
-181.232
-181.05
-180.868
-180.686
-180.504
-180.323
-180.141
-179.959
-179.777
-179.595
-179.414
-179.232
-179.05
-177.449
-175.848
-174.247
-172.646
-171.045
-169.444
-167.843
-166.242
-164.641
-163.04
-161.438
-159.837
-158.236
-156.635
-155.034
-153.433
-151.832
-150.231
-148.63
-147.029
-145.428
-138.894
-132.36
-125.826
-119.293
-112.759
-106.225
-99.6912
-93.1573
-86.6235
-80.0897
-73.5558
-67.022
-60.4882
-53.9543
-47.4205
-40.8867
-34.3528
-27.819
-21.2852
-14.7513
-8.21749
-8.03891
-7.86034
-7.68176
-7.50319
-7.32461
-7.14604
-6.96746
-6.78889
-6.61031
-6.43174
-6.25316
-6.07459
-5.89601
-5.71744
-5.53886
-5.36029
-5.18171
-5.00314
-4.82456
-4.64599
-4.46741
-4.23711
-4.00682
-3.77652
-3.54622
-3.31592
-3.08563
-2.85533
-2.62503
-2.39474
-2.16444
-1.93414
-1.70384
-1.47355
-1.24325
-1.01295
-0.782656
-0.552359
-0.322061
-0.0917643
0.138533
0.36883
0.384636
0.400442
0.416248
0.432055
0.447861
0.463667
0.479473
0.495279
0.511085
0.526891
0.542698
0.558504
0.57431
0.590116
0.605922
0.621728
0.637534
0.653341
0.669147
0.684953
0.700759
0.79287
0.884982
0.977093
1.0692
1.16132
1.25343
1.34554
1.43765
1.52976
1.62187
1.71399
1.8061
1.89821
1.99032
2.08243
2.17454
2.26665
2.35877
2.45088
2.54299
2.6351
9.98771
17.3403
24.6929
32.0456
39.3982
46.7508
54.1034
61.456
68.8086
76.1612
83.5139
90.8665
98.2191
105.572
112.924
120.277
127.63
134.982
142.335
149.687
157.04
158.577
160.113
161.65
163.187
164.724
166.26
167.797
169.334
170.87
172.407
173.944
175.481
177.017
178.554
180.091
181.627
183.164
184.701
186.238
187.774
189.311
189.277
189.243
189.21
189.176
189.142
189.108
189.075
189.041
189.007
188.973
188.94
188.906
188.872
188.838
188.805
188.771
188.737
188.703
188.67
188.636
188.602
194.723
200.843
206.964
213.085
219.206
225.326
231.447
237.568
243.688
249.809
255.93
262.051
268.171
274.292
280.413
286.533
292.654
298.775
304.896
311.016
317.137
319.023
320.91
322.796
324.683
326.569
328.456
330.342
332.229
334.115
336.002
337.888
339.775
341.661
343.548
345.434
347.321
349.207
351.094
352.98
354.867
356.753
356.547
356.341
356.135
355.928
355.722
355.516
355.31
355.104
354.898
354.692
354.485
354.279
354.073
353.867
353.661
353.455
353.249
353.042
352.836
352.63
352.424
352.613
352.803
352.992
353.181
353.37
353.56
353.749
353.938
354.128
354.317
354.506
354.695
354.885
355.074
355.263
355.453
355.642
355.831
356.02
356.21
356.399
356.519
356.64
356.76
356.881
357.001
357.122
357.242
357.363
357.483
357.604
357.724
357.845
357.965
358.086
358.206
358.327
358.447
358.568
358.688
358.809
358.929
358.949
358.969
358.989
359.009
359.029
359.049
359.069
359.089
359.109
359.129
359.15
359.17
359.19
359.21
359.23
359.25
359.27
359.29
359.31
359.33
359.35
359.417
359.484
359.551
359.618
359.685
359.751
359.818
359.885
359.952
360.019
360.086
360.153
360.22
360.287
360.354
360.42
360.487
360.554
360.621
360.688
360.755
360.946
361.136
361.327
361.518
361.708
361.899
362.09
362.28
362.471
362.662
362.852
363.043
363.234
363.424
363.615
363.806
363.996
364.187
364.378
364.568
364.759
364.767
364.776
364.784
364.793
364.801
364.809
364.818
364.826
364.834
364.843
364.851
364.86
364.868
364.876
364.885
364.893
364.901
364.91
364.918
364.927
364.935
364.903
364.87
364.838
364.805
364.773
364.74
364.708
364.675
364.643
364.61
364.578
364.545
364.513
364.48
364.448
364.415
364.383
364.35
364.318
364.285
364.253
364.245
364.237
364.229
364.222
364.214
364.206
364.198
364.19
364.182
364.174
364.167
364.159
364.151
364.143
364.135
364.127
364.119
364.112
364.104
364.096
364.088
364.069
364.05
364.031
364.011
363.992
363.973
363.954
363.935
363.916
363.897
363.877
363.858
363.839
363.82
363.801
363.782
363.763
363.743
363.724
363.705
363.686
363.677
363.669
363.66
363.652
363.643
363.635
363.626
363.617
363.609
363.6
363.592
363.583
363.575
363.566
363.557
363.549
363.54
363.532
363.523
363.515
363.506
363.505
363.503
363.502
363.501
363.499
363.498
363.497
363.495
363.494
363.493
363.491
363.49
363.489
363.487
363.486
363.485
363.483
363.482
363.481
363.479
363.478
363.467
363.456
363.445
363.434
363.423
363.412
363.401
363.39
363.379
363.368
363.356
363.345
363.334
363.323
363.312
363.301
363.29
363.279
363.268
363.257
363.246
363.244
363.243
363.243
363.243
363.242
363.241
363.239
363.234
363.228
363.235
363.217
363.179
363.197
363.177
